#Datasets	 AA_0001_diamond_output_below	 AA_0003_diamond_output_below	 AA_0004_diamond_output_below	 AA_0006_diamond_output_below	 AA_0008_diamond_output_above	 AA_0009_diamond_output_above	 AA_0010_diamond_output_below	 AA_0012_diamond_output_above	 AA_0013_diamond_output_below	 AA_0014_diamond_output_below	 AA_0015_diamond_output_above	 AA_0016_diamond_output_below	 AA_0017_diamond_output_below	 AA_0018_diamond_output_below	 AA_0019_diamond_output_below	 AA_0021_diamond_output_above	 AA_0023_diamond_output_below	 AA_0025_diamond_output_above	 AA_0026_diamond_output_below	 AA_0027_diamond_output_above	 AA_0030_diamond_output_below	 AA_0032_diamond_output_above	 AA_0033_diamond_output_below	 AA_0034_diamond_output_below	 AA_0035_diamond_output_above	 AA_0036_diamond_output_below	 AA_0037_diamond_output_below	 AA_0038_diamond_output_below	 AA_0039_diamond_output_below	 AA_0040_diamond_output_below	 AA_0041_diamond_output_below	 AA_0042_diamond_output_below	 AA_0043_diamond_output_above	 AA_0044_diamond_output_below	 AA_0045_diamond_output_below	 AA_0046_diamond_output_below	 AA_0047_diamond_output_above	 AA_0048_diamond_output_above	 AA_0049_diamond_output_above	 AA_0050_diamond_output_below	 AA_0052_diamond_output_above	 AA_0053_diamond_output_above	 AA_0054_diamond_output_below	 AA_0055_diamond_output_below	 AA_0057_diamond_output_above	 AA_0058_diamond_output_below	 AA_0060_diamond_output_below	 AA_0061_diamond_output_above	 AA_0062_diamond_output_below	 AA_0065_diamond_output_below	 AA_0071_diamond_output_above	 AA_0080_diamond_output_above	 AA_0092_diamond_output_above	 AA_0093_diamond_output_below	 AA_0096_diamond_output_above	 AA_0097_diamond_output_above	 AA_0098_diamond_output_below	 AA_0099_diamond_output_above	 AA_0100_diamond_output_below	 AA_0102_diamond_output_below	 AA_0103_diamond_output_below	 AA_0104_diamond_output_above	 AA_0105_diamond_output_below	 AA_0106_diamond_output_above	 AA_0109_diamond_output_below	 AA_0111_diamond_output_below	 AA_0112_diamond_output_below	 AA_0113_diamond_output_below	 AA_0115_diamond_output_below	 AA_0116_diamond_output_above	 AA_0117_diamond_output_below	 AA_0118_diamond_output_above	 AA_0119_diamond_output_above	 AA_0120_diamond_output_below	 AA_0121_diamond_output_below	 AA_0123_diamond_output_below	 AA_0125_diamond_output_above	 AA_0126_diamond_output_below	 AA_0127_diamond_output_below	 AA_0128_diamond_output_below	 AA_0129_diamond_output_below	 AA_0130_diamond_output_below	 AA_0131_diamond_output_below	 AA_0132_diamond_output_below	 AA_0133_diamond_output_below	 AA_0134_diamond_output_above	 AA_0135_diamond_output_below	 AA_0136_diamond_output_below	 AA_0137_diamond_output_below	 AA_0138_diamond_output_above	 AA_0139_diamond_output_above	 AA_0141_diamond_output_below	 AA_0142_diamond_output_above	 AA_0143_diamond_output_below	 AA_0151_diamond_output_below	 AA_0152_diamond_output_above	 AA_0153_diamond_output_below
"Actinomycetaceae"	 0	 0	 0	 0	 0	 0	 0	 139	 0	 380	 0	 96	 0	 51	 0	 0	 0	 0	 0	 0	 0	 0	 0	 0	 0	 0	 0	 0	 0	 0	 0	 0	 0	 0	 0	 0	 0	 0	 0	 240	 0	 0	 0	 0	 44	 0	 0	 0	 100	 0	 0	 0	 0	 0	 0	 0	 0	 0	 0	 0	 0	 0	 46	 123	 0	 748	 0	 0	 0	 0	 0	 0	 0	 0	 0	 0	 0	 0	 0	 0	 0	 0	 0	 0	 0	 0	 0	 225	 0	 0	 0	 0	 0	 50	 0	 0	 0
"Bifidobacteriaceae"	 1273	 2065	 3267	 5479	 4532	 929	 2295	 3093	 2925	 4708	 4194	 3156	 4409	 3904	 1004	 2901	 5189	 0	 0	 1713	 3591	 2909	 4726	 1748	 2362	 3947	 2917	 3934	 3435	 4285	 4811	 0	 2236	 2333	 2590	 1210	 2605	 4584	 3768	 4336	 3499	 3386	 3103	 484	 3730	 2421	 4686	 0	 3147	 2063	 1190	 2291	 3357	 4219	 3760	 1261	 3913	 4546	 1290	 3199	 3505	 4250	 2952	 3363	 2958	 2085	 495	 3431	 3715	 4151	 3180	 2225	 3180	 3153	 823	 2629	 3267	 3121	 4039	 2615	 1954	 1661	 4315	 2263	 992	 2710	 2228	 2128	 4137	 4919	 2253	 1884	 0	 1754	 2675	 2983	 83
"Micrococcaceae"	 0	 0	 0	 0	 0	 0	 0	 0	 0	 943	 0	 0	 0	 0	 29	 0	 0	 0	 0	 0	 0	 0	 0	 0	 0	 0	 0	 0	 0	 0	 0	 0	 0	 0	 0	 0	 0	 0	 0	 0	 0	 0	 0	 0	 0	 0	 0	 0	 0	 0	 0	 0	 0	 0	 0	 0	 0	 0	 0	 0	 0	 0	 0	 0	 0	 115	 0	 0	 0	 0	 0	 0	 0	 0	 0	 0	 0	 0	 0	 0	 0	 0	 0	 0	 0	 0	 0	 0	 0	 0	 0	 0	 0	 0	 0	 0	 0
"Atopobiaceae"	 0	 0	 0	 1733	 2047	 0	 0	 755	 0	 0	 2115	 0	 0	 2356	 650	 49	 1291	 0	 0	 582	 649	 977	 909	 711	 0	 1889	 0	 733	 236	 909	 438	 0	 0	 0	 0	 0	 0	 0	 131	 41	 332	 2615	 83	 0	 0	 0	 1356	 0	 234	 42	 0	 0	 119	 0	 0	 0	 2242	 41	 361	 985	 1990	 0	 1831	 0	 0	 540	 0	 803	 306	 741	 0	 0	 0	 64	 0	 1146	 100	 0	 0	 89	 0	 0	 2040	 0	 537	 0	 0	 0	 791	 0	 1823	 632	 487	 57	 1761	 0	 0
"Coriobacteriaceae"	 445	 473	 919	 1024	 701	 624	 770	 1968	 631	 1270	 0	 466	 947	 1555	 693	 2274	 1047	 0	 620	 1885	 2384	 1353	 1243	 676	 551	 1290	 619	 1511	 1051	 2209	 1001	 634	 1479	 865	 1491	 1642	 576	 1473	 1830	 1875	 963	 2228	 1843	 0	 0	 0	 1027	 1430	 1649	 742	 0	 0	 1804	 2932	 2410	 1256	 1103	 1165	 512	 879	 1387	 689	 929	 652	 627	 1749	 876	 1655	 998	 1539	 1580	 0	 640	 1464	 1114	 1474	 953	 720	 343	 827	 1580	 850	 1638	 1668	 802	 777	 761	 649	 1793	 1152	 1069	 661	 2125	 736	 1055	 639	 923
"Eggerthellaceae"	 58	 516	 304	 673	 687	 1691	 251	 959	 1674	 656	 1765	 1783	 1568	 631	 1012	 2581	 1031	 1132	 1177	 485	 1427	 522	 1293	 339	 756	 812	 476	 1502	 1493	 770	 1529	 2031	 1336	 1368	 1939	 1146	 1812	 1812	 1302	 2124	 652	 867	 1678	 3739	 0	 2240	 1040	 745	 375	 677	 1355	 2682	 1928	 784	 1249	 3166	 1019	 1727	 25	 749	 2602	 1868	 479	 3719	 528	 446	 2449	 947	 644	 852	 706	 2597	 1332	 654	 258	 691	 1650	 796	 1306	 1118	 1146	 1393	 1205	 2905	 311	 2077	 1476	 1387	 2055	 362	 1085	 315	 227	 16	 406	 1830	 720
"QAMH01"	 0	 0	 0	 1112	 525	 0	 0	 103	 0	 0	 0	 0	 0	 0	 0	 0	 0	 0	 0	 0	 1018	 0	 0	 0	 0	 0	 0	 0	 0	 0	 0	 0	 0	 0	 0	 0	 0	 0	 0	 0	 0	 0	 146	 0	 0	 0	 0	 0	 0	 0	 0	 0	 0	 0	 181	 0	 212	 0	 0	 0	 0	 0	 0	 0	 1026	 0	 1226	 0	 0	 0	 0	 0	 0	 0	 0	 0	 0	 0	 0	 0	 0	 0	 1065	 0	 0	 0	 0	 0	 0	 0	 1704	 0	 0	 0	 0	 0	 0
"Bacteroidaceae"	 20190	 26738	 40259	 24066	 20401	 18774	 14231	 17082	 23189	 18590	 12712	 25855	 21603	 14280	 17177	 17912	 17840	 11042	 22852	 25411	 23084	 21623	 23518	 17111	 17185	 14827	 29276	 22425	 19294	 18026	 13058	 26222	 17541	 22001	 24849	 21102	 14620	 17977	 18985	 18510	 15581	 23203	 20603	 10448	 6345	 11882	 23755	 21247	 17604	 20905	 25427	 14662	 22190	 19453	 18080	 21331	 18952	 18921	 6210	 21943	 21340	 22198	 15392	 22132	 23738	 11601	 25409	 15863	 18730	 23694	 19044	 24696	 14771	 21201	 29078	 10051	 20705	 14634	 20585	 25722	 20753	 19299	 20636	 21832	 19293	 18032	 20919	 20463	 21450	 17284	 15333	 18542	 13149	 9972	 7809	 20464	 24116
"Barnesiellaceae"	 26	 0	 859	 0	 1107	 795	 564	 48	 0	 0	 0	 1632	 0	 922	 0	 0	 0	 0	 241	 0	 201	 984	 0	 1991	 976	 0	 0	 1933	 386	 0	 0	 0	 0	 71	 1608	 928	 0	 0	 1879	 0	 1693	 965	 979	 0	 0	 0	 0	 1540	 0	 225	 1007	 0	 1083	 0	 959	 0	 0	 993	 0	 1364	 0	 0	 1170	 0	 0	 0	 723	 0	 1025	 0	 0	 0	 0	 1488	 0	 0	 1486	 68	 0	 988	 0	 0	 0	 0	 0	 0	 987	 0	 246	 527	 99	 0	 0	 0	 932	 1002	 1446
"Coprobacteraceae"	 89	 592	 456	 0	 0	 199	 0	 715	 0	 0	 0	 0	 0	 47	 0	 800	 65	 0	 0	 0	 143	 0	 1040	 0	 0	 0	 0	 171	 0	 0	 0	 0	 0	 653	 0	 0	 0	 0	 697	 1084	 395	 855	 0	 0	 0	 0	 0	 140	 0	 0	 0	 0	 209	 20	 896	 1050	 0	 317	 0	 0	 0	 0	 306	 350	 971	 0	 1073	 0	 0	 147	 0	 1065	 37	 0	 939	 0	 939	 0	 0	 0	 0	 0	 0	 383	 887	 794	 848	 1336	 0	 0	 0	 0	 0	 1342	 0	 0	 816
"Marinifilaceae"	 2686	 3180	 2786	 6167	 2220	 3658	 173	 2854	 0	 1198	 0	 4259	 5854	 676	 854	 2435	 3311	 0	 2860	 3423	 3879	 4048	 7262	 6315	 3673	 2938	 4089	 3135	 2835	 4239	 0	 1010	 119	 1967	 4944	 2185	 0	 2673	 2551	 3503	 4028	 1779	 4111	 0	 0	 0	 0	 3780	 2611	 3576	 2154	 0	 2645	 54	 2478	 3435	 1002	 785	 324	 2825	 2174	 3932	 3018	 1910	 3955	 535	 2598	 0	 1815	 3731	 3167	 4129	 0	 2682	 2944	 422	 3331	 1779	 0	 3447	 3858	 2412	 920	 4892	 3107	 412	 2482	 4487	 907	 40	 2547	 0	 400	 15	 1370	 2269	 4468
"Muribaculaceae"	 138	 201	 69	 1368	 0	 0	 0	 849	 0	 0	 0	 0	 0	 0	 0	 0	 0	 0	 0	 0	 978	 0	 0	 287	 0	 0	 0	 0	 0	 0	 0	 0	 971	 0	 0	 830	 0	 0	 0	 0	 0	 0	 78	 66	 0	 0	 0	 0	 0	 0	 0	 0	 0	 0	 0	 0	 0	 0	 0	 0	 0	 0	 0	 0	 0	 59	 1511	 879	 0	 0	 0	 0	 0	 0	 0	 199	 0	 0	 0	 0	 0	 0	 939	 939	 0	 0	 0	 0	 0	 0	 0	 0	 897	 0	 95	 1194	 0
"Rikenellaceae"	 4195	 5262	 3940	 4931	 6994	 4112	 0	 5082	 818	 1891	 1088	 3374	 3353	 2099	 1418	 2057	 6335	 25	 3460	 2985	 7118	 6170	 3452	 4856	 2692	 4518	 4966	 1909	 3784	 39	 129	 2336	 1119	 5368	 5765	 4195	 63	 0	 2701	 3842	 7320	 7899	 7878	 0	 0	 0	 3333	 3217	 1215	 4989	 3056	 0	 4505	 0	 3010	 1371	 1814	 3303	 1370	 3393	 3629	 652	 2081	 7190	 2817	 802	 8741	 121	 2043	 6223	 2553	 3031	 988	 3508	 4024	 0	 7614	 3017	 5146	 5729	 2846	 0	 4679	 8632	 3275	 0	 4491	 5958	 4777	 1618	 3454	 2796	 1760	 99	 978	 6098	 5835
"Tannerellaceae"	 1892	 3092	 5285	 4074	 5994	 6286	 1414	 1172	 3095	 3971	 4970	 4418	 5111	 4541	 3205	 5423	 6058	 2183	 3231	 4492	 5036	 2920	 4531	 3287	 5069	 5864	 4172	 4116	 4747	 3377	 2179	 2663	 1285	 3870	 5081	 2052	 2265	 5186	 3937	 3207	 5189	 4079	 5397	 2402	 1804	 2536	 5883	 3149	 3853	 5428	 5086	 5184	 5427	 4238	 4796	 5087	 1719	 5148	 865	 5290	 5225	 3700	 4481	 6185	 6549	 1160	 2836	 4659	 2352	 4903	 3782	 2832	 3292	 4169	 3386	 43	 3667	 4307	 4411	 2749	 4597	 1640	 4295	 8322	 4064	 5017	 5372	 6410	 2512	 2302	 4581	 3589	 3012	 63	 2045	 3586	 5481
"UBA11471"	 0	 0	 1611	 1773	 0	 0	 0	 0	 0	 0	 0	 0	 1879	 0	 0	 0	 1881	 0	 0	 0	 0	 0	 0	 0	 0	 0	 0	 0	 68	 0	 0	 0	 0	 0	 0	 0	 0	 0	 0	 0	 0	 0	 0	 0	 0	 0	 0	 0	 0	 166	 0	 0	 0	 0	 0	 0	 0	 0	 0	 0	 0	 0	 0	 0	 0	 0	 1734	 0	 0	 756	 0	 0	 0	 0	 0	 0	 0	 0	 0	 0	 0	 0	 0	 302	 513	 0	 1653	 0	 0	 0	 0	 0	 0	 0	 1360	 0	 0
"UBA932"	 0	 0	 0	 0	 0	 0	 0	 0	 0	 0	 0	 0	 0	 0	 0	 0	 0	 0	 0	 0	 0	 0	 0	 0	 0	 0	 0	 0	 0	 767	 0	 0	 0	 0	 0	 0	 0	 0	 0	 0	 0	 0	 0	 0	 0	 0	 0	 0	 0	 0	 0	 0	 0	 0	 0	 0	 0	 0	 0	 0	 0	 0	 0	 0	 0	 0	 0	 0	 0	 0	 0	 0	 0	 0	 0	 1166	 0	 0	 0	 278	 0	 0	 0	 0	 0	 0	 0	 0	 0	 0	 0	 0	 0	 0	 278	 0	 0
"UBA1820"	 0	 0	 0	 0	 377	 0	 0	 0	 301	 0	 0	 0	 0	 0	 0	 0	 0	 0	 0	 0	 796	 0	 0	 0	 0	 0	 0	 0	 0	 0	 0	 0	 0	 0	 0	 0	 0	 0	 0	 0	 0	 0	 1086	 0	 0	 0	 0	 0	 0	 0	 0	 0	 0	 0	 0	 0	 0	 0	 0	 0	 0	 0	 0	 464	 0	 0	 0	 0	 0	 0	 0	 0	 0	 0	 0	 0	 0	 0	 0	 0	 0	 0	 0	 90	 0	 0	 0	 0	 0	 0	 0	 0	 0	 0	 0	 0	 0
"Gastranaerophilaceae"	 56	 65	 52	 0	 0	 72	 0	 0	 47	 0	 31	 0	 51	 0	 0	 0	 3334	 0	 35	 0	 0	 55	 0	 174	 0	 0	 39	 43	 0	 0	 0	 0	 0	 50	 0	 41	 0	 0	 0	 47	 0	 0	 0	 44	 0	 31	 0	 41	 0	 0	 43	 0	 0	 35	 60	 0	 0	 38	 0	 43	 0	 43	 33	 0	 59	 37	 518	 42	 0	 46	 0	 69	 62	 0	 0	 896	 63	 0	 0	 0	 0	 47	 56	 0	 51	 0	 42	 0	 44	 0	 0	 37	 27	 30	 3741	 37	 39
"Desulfovibrionaceae"	 788	 1747	 799	 1799	 423	 1592	 58	 456	 1667	 514	 2549	 3976	 1480	 868	 1395	 2272	 1088	 0	 0	 973	 3831	 662	 1515	 980	 1173	 1226	 909	 2302	 1627	 1349	 102	 1301	 1011	 1181	 748	 1272	 1476	 1472	 1347	 930	 980	 1391	 5074	 1502	 0	 110	 110	 2013	 1025	 1133	 1605	 1631	 4086	 22	 1197	 1681	 1481	 1681	 300	 1158	 1649	 1252	 1322	 2456	 1952	 1405	 954	 0	 124	 769	 1597	 210	 764	 338	 1154	 781	 1002	 1122	 579	 462	 161	 56	 1871	 1933	 1505	 1313	 1650	 1571	 1171	 0	 1562	 1197	 382	 186	 366	 1701	 2408
"Anaeroplasmataceae"	 0	 0	 0	 0	 0	 0	 0	 0	 0	 0	 0	 0	 0	 0	 0	 0	 0	 0	 0	 0	 0	 0	 0	 0	 0	 0	 0	 0	 0	 0	 0	 0	 0	 0	 0	 0	 0	 0	 0	 0	 0	 0	 0	 0	 0	 0	 0	 0	 0	 0	 0	 0	 0	 0	 0	 0	 0	 0	 0	 0	 0	 0	 0	 0	 0	 0	 0	 0	 0	 0	 0	 0	 0	 0	 0	 0	 0	 0	 0	 0	 0	 0	 0	 0	 0	 0	 0	 0	 0	 0	 0	 0	 0	 0	 163	 0	 0
"Erysipelatoclostridiaceae"	 689	 1888	 2460	 969	 779	 2028	 0	 1349	 837	 906	 1030	 347	 1785	 51	 508	 0	 1556	 1537	 374	 106	 1275	 96	 943	 94	 1672	 1072	 819	 245	 2472	 912	 189	 436	 600	 3553	 563	 556	 1800	 1140	 1390	 1026	 759	 3205	 2228	 4530	 2539	 1651	 1566	 811	 226	 875	 667	 1528	 97	 1402	 1447	 2587	 627	 443	 158	 1686	 3918	 1348	 151	 1559	 2227	 942	 1389	 2334	 1904	 1186	 277	 836	 1459	 1592	 1811	 967	 491	 1406	 1608	 1239	 214	 1691	 838	 498	 923	 2372	 1134	 51	 1292	 1448	 1669	 1626	 1401	 14	 727	 35	 973
"Erysipelotrichaceae"	 37	 177	 386	 229	 159	 2856	 37	 680	 747	 1373	 807	 7157	 1599	 136	 132	 1573	 213	 587	 3601	 136	 1193	 1015	 940	 263	 153	 1067	 383	 542	 850	 374	 3465	 1602	 800	 575	 2340	 418	 176	 888	 248	 93	 343	 2025	 2214	 4194	 70	 3106	 117	 181	 60	 412	 225	 2336	 93	 262	 54	 1208	 1390	 111	 33	 152	 708	 392	 231	 336	 208	 55	 758	 391	 817	 378	 1230	 589	 814	 521	 77	 435	 756	 366	 153	 105	 203	 511	 1231	 1261	 50	 1703	 1384	 207	 771	 592	 1550	 606	 74	 23	 491	 374	 414
"Turicibacteraceae"	 0	 0	 0	 0	 0	 0	 1287	 0	 0	 0	 0	 0	 0	 0	 0	 0	 0	 0	 0	 0	 0	 0	 0	 0	 0	 0	 0	 0	 0	 0	 0	 0	 0	 0	 1143	 0	 0	 0	 0	 0	 0	 0	 0	 0	 504	 0	 0	 0	 0	 0	 0	 0	 0	 0	 0	 0	 0	 0	 0	 0	 0	 0	 0	 0	 0	 0	 0	 307	 0	 0	 0	 82	 0	 753	 0	 0	 0	 0	 686	 0	 0	 0	 0	 0	 0	 155	 0	 0	 0	 1887	 0	 0	 0	 0	 0	 0	 0
"Carnobacteriaceae"	 0	 0	 0	 0	 0	 0	 0	 0	 0	 0	 0	 0	 0	 0	 0	 0	 0	 0	 0	 0	 0	 0	 0	 0	 0	 0	 0	 0	 0	 0	 0	 0	 0	 0	 0	 0	 60	 0	 0	 0	 0	 0	 0	 0	 76	 0	 0	 0	 0	 0	 0	 0	 0	 0	 0	 0	 0	 0	 0	 0	 0	 0	 0	 0	 0	 0	 0	 0	 0	 0	 0	 0	 0	 0	 0	 0	 0	 0	 0	 0	 0	 0	 0	 0	 0	 0	 0	 0	 0	 0	 0	 0	 0	 0	 0	 0	 0
"Enterococcaceae"	 0	 0	 0	 0	 0	 0	 0	 0	 0	 0	 0	 538	 0	 0	 0	 0	 1299	 0	 0	 0	 0	 0	 0	 0	 0	 0	 0	 0	 0	 1442	 0	 0	 0	 0	 1644	 0	 0	 0	 0	 0	 0	 127	 99	 0	 125	 1014	 0	 0	 71	 0	 0	 100	 0	 0	 0	 0	 0	 0	 0	 0	 73	 0	 0	 0	 0	 118	 0	 0	 0	 0	 0	 0	 0	 557	 0	 0	 0	 1364	 93	 0	 0	 27	 228	 0	 0	 0	 0	 0	 1272	 0	 0	 0	 0	 0	 0	 0	 0
"Lactobacillaceae"	 0	 0	 0	 2232	 1248	 823	 0	 54	 0	 2087	 0	 190	 0	 216	 125	 575	 484	 24	 0	 187	 430	 0	 770	 1006	 0	 1443	 0	 0	 997	 3716	 1997	 41	 0	 49	 1386	 1410	 0	 0	 254	 1590	 1033	 0	 868	 0	 0	 0	 275	 0	 3126	 39	 460	 0	 982	 85	 0	 0	 86	 0	 290	 253	 0	 0	 984	 610	 68	 2381	 0	 0	 272	 808	 745	 0	 33	 2095	 711	 1160	 0	 0	 0	 0	 0	 0	 102	 651	 0	 1099	 436	 0	 2083	 0	 1067	 1285	 71	 0	 1188	 0	 0
"Streptococcaceae"	 59	 532	 0	 1329	 164	 3033	 619	 4049	 128	 4790	 229	 6792	 628	 895	 1966	 0	 870	 121	 36	 903	 0	 76	 41	 0	 116	 976	 125	 3438	 0	 5095	 81	 2121	 161	 678	 1995	 0	 41	 659	 1623	 4054	 624	 648	 0	 593	 5599	 405	 112	 0	 3633	 68	 60	 1028	 1297	 1880	 0	 590	 103	 989	 110	 879	 912	 239	 641	 641	 117	 6590	 78	 327	 1277	 60	 0	 1408	 725	 2714	 0	 4201	 88	 61	 0	 1001	 1371	 486	 620	 0	 35	 716	 460	 2679	 43	 274	 1771	 1136	 499	 159	 0	 0	 102
"CAG-313"	 0	 0	 0	 601	 0	 0	 0	 0	 0	 0	 0	 0	 0	 0	 0	 0	 161	 0	 0	 0	 0	 0	 0	 0	 0	 0	 0	 0	 0	 0	 0	 0	 0	 0	 0	 0	 0	 0	 0	 0	 0	 0	 0	 0	 0	 0	 0	 0	 0	 0	 0	 0	 0	 0	 0	 0	 0	 0	 0	 0	 0	 0	 0	 0	 0	 0	 280	 0	 0	 0	 0	 0	 0	 0	 0	 0	 1325	 0	 0	 0	 0	 0	 0	 0	 0	 0	 0	 0	 0	 0	 149	 0	 0	 0	 270	 0	 0
"Paenibacillaceae"	 0	 0	 0	 0	 0	 0	 0	 0	 0	 0	 0	 0	 0	 0	 0	 0	 0	 0	 0	 0	 64	 0	 0	 0	 0	 0	 0	 0	 0	 0	 0	 0	 0	 0	 0	 0	 0	 0	 0	 0	 0	 0	 0	 0	 0	 0	 0	 0	 0	 0	 0	 0	 0	 0	 0	 0	 0	 0	 0	 0	 0	 0	 0	 0	 0	 0	 81	 0	 0	 0	 0	 0	 0	 0	 0	 0	 0	 0	 0	 0	 0	 0	 0	 0	 0	 0	 0	 0	 0	 0	 0	 0	 0	 0	 0	 0	 0
"CAG-1000"	 0	 0	 0	 0	 0	 0	 0	 107	 0	 0	 0	 0	 0	 0	 0	 0	 0	 0	 0	 0	 0	 0	 0	 527	 0	 0	 0	 0	 0	 0	 0	 0	 0	 60	 0	 0	 0	 0	 0	 0	 0	 0	 0	 0	 0	 0	 0	 0	 0	 0	 0	 27	 49	 0	 0	 0	 0	 0	 0	 0	 0	 0	 43	 0	 0	 0	 0	 0	 0	 0	 0	 0	 0	 0	 0	 0	 43	 0	 0	 0	 0	 0	 0	 0	 0	 0	 0	 0	 0	 0	 1529	 0	 26	 0	 3196	 0	 0
"CAG-302"	 0	 0	 209	 896	 0	 841	 0	 1359	 0	 0	 0	 0	 0	 0	 0	 0	 986	 0	 0	 0	 0	 1412	 0	 0	 0	 0	 0	 0	 0	 0	 0	 0	 0	 0	 0	 0	 0	 0	 0	 380	 496	 0	 510	 0	 0	 0	 0	 0	 0	 0	 0	 0	 0	 0	 0	 0	 0	 0	 0	 0	 0	 0	 0	 0	 0	 0	 943	 0	 0	 0	 0	 0	 0	 0	 0	 0	 467	 0	 0	 0	 0	 0	 0	 449	 318	 0	 0	 0	 506	 0	 1062	 0	 0	 0	 1597	 0	 0
"CAG-433"	 0	 0	 0	 0	 0	 0	 0	 0	 0	 0	 0	 0	 0	 0	 0	 0	 0	 0	 0	 0	 0	 0	 0	 0	 0	 0	 0	 0	 0	 0	 0	 0	 0	 0	 0	 0	 0	 0	 0	 0	 0	 0	 0	 0	 0	 0	 0	 0	 0	 0	 0	 0	 0	 0	 0	 0	 0	 0	 0	 0	 0	 0	 0	 0	 0	 0	 651	 0	 0	 0	 0	 0	 0	 0	 0	 1372	 0	 0	 0	 0	 0	 0	 0	 0	 0	 0	 0	 0	 0	 0	 0	 0	 0	 0	 1238	 0	 0
"CAG-611"	 0	 0	 0	 739	 0	 0	 0	 0	 0	 0	 0	 0	 0	 0	 0	 0	 630	 0	 0	 0	 113	 0	 0	 1113	 0	 0	 0	 0	 0	 0	 0	 0	 0	 0	 0	 0	 0	 0	 0	 0	 0	 0	 0	 0	 0	 0	 0	 0	 0	 0	 0	 0	 0	 0	 0	 0	 0	 0	 0	 0	 0	 0	 0	 0	 0	 0	 0	 0	 0	 0	 0	 0	 0	 0	 0	 0	 0	 0	 0	 0	 0	 0	 0	 770	 0	 0	 0	 0	 727	 0	 403	 0	 0	 0	 1618	 0	 0
"CAG-822"	 0	 0	 0	 0	 0	 0	 0	 0	 0	 0	 0	 0	 0	 0	 0	 0	 0	 0	 0	 0	 0	 0	 0	 0	 0	 0	 0	 0	 0	 0	 0	 0	 0	 0	 0	 0	 0	 0	 0	 0	 0	 0	 0	 0	 0	 0	 0	 0	 0	 0	 0	 0	 0	 0	 0	 0	 0	 0	 0	 0	 0	 0	 0	 0	 0	 0	 0	 0	 0	 0	 0	 0	 0	 0	 0	 0	 0	 0	 0	 0	 0	 0	 0	 0	 0	 0	 0	 0	 0	 0	 0	 0	 0	 0	 764	 0	 0
"UBA5348"	 0	 0	 0	 0	 0	 0	 0	 0	 0	 0	 0	 0	 0	 0	 0	 0	 0	 0	 0	 0	 0	 0	 0	 0	 0	 0	 0	 0	 0	 0	 0	 0	 0	 0	 0	 0	 0	 0	 0	 0	 0	 0	 0	 0	 0	 0	 0	 0	 0	 0	 0	 0	 0	 0	 0	 0	 0	 0	 0	 0	 0	 0	 0	 0	 0	 0	 0	 0	 0	 0	 0	 0	 0	 0	 0	 0	 0	 0	 0	 0	 0	 0	 0	 0	 0	 0	 0	 0	 0	 0	 372	 0	 0	 0	 755	 0	 0
"CAG-288"	 0	 0	 0	 0	 0	 0	 0	 0	 0	 0	 0	 0	 0	 0	 0	 0	 0	 0	 0	 0	 0	 0	 0	 0	 0	 0	 0	 0	 0	 0	 0	 0	 0	 2061	 0	 0	 0	 0	 0	 0	 0	 0	 0	 0	 0	 0	 0	 0	 0	 0	 0	 0	 0	 0	 0	 0	 0	 0	 0	 0	 0	 0	 0	 0	 0	 0	 1600	 0	 0	 0	 0	 0	 0	 0	 0	 406	 0	 0	 0	 0	 0	 0	 0	 0	 0	 0	 0	 0	 0	 0	 0	 0	 0	 0	 665	 0	 0
"CAG-449"	 0	 0	 0	 0	 0	 0	 0	 0	 0	 0	 0	 0	 0	 0	 0	 0	 0	 0	 0	 0	 0	 0	 0	 0	 0	 0	 0	 0	 0	 0	 0	 0	 0	 0	 0	 0	 0	 0	 0	 0	 0	 0	 0	 0	 0	 0	 0	 0	 0	 0	 0	 0	 0	 0	 0	 0	 0	 0	 0	 0	 0	 0	 0	 0	 0	 0	 0	 0	 0	 0	 0	 0	 0	 0	 0	 0	 0	 0	 0	 0	 0	 0	 0	 0	 0	 0	 0	 0	 0	 0	 0	 0	 0	 0	 103	 0	 0
"CAG-826"	 0	 0	 0	 0	 0	 0	 0	 0	 0	 0	 0	 0	 0	 0	 0	 0	 0	 0	 0	 0	 0	 0	 0	 0	 0	 0	 0	 0	 0	 0	 0	 0	 0	 0	 0	 0	 0	 0	 0	 0	 0	 0	 0	 0	 0	 0	 0	 0	 0	 0	 0	 0	 0	 0	 0	 0	 0	 0	 0	 0	 0	 0	 0	 0	 0	 0	 0	 0	 0	 0	 0	 0	 0	 0	 0	 0	 0	 0	 0	 0	 0	 0	 0	 0	 0	 0	 0	 0	 0	 0	 0	 0	 0	 0	 1324	 0	 0
"Gemellaceae"	 0	 0	 0	 0	 0	 0	 0	 0	 0	 47	 0	 0	 0	 0	 0	 0	 0	 0	 0	 0	 0	 0	 0	 0	 0	 0	 0	 0	 0	 0	 0	 0	 0	 0	 0	 0	 0	 0	 0	 0	 0	 0	 0	 0	 0	 0	 0	 0	 0	 0	 0	 0	 0	 0	 0	 0	 0	 0	 0	 0	 0	 0	 0	 0	 0	 0	 0	 0	 0	 0	 0	 0	 0	 0	 0	 0	 0	 0	 0	 0	 0	 0	 0	 0	 0	 0	 0	 0	 0	 0	 0	 0	 0	 0	 0	 0	 0
"Clostridiaceae"	 0	 0	 88	 0	 2218	 151	 4979	 240	 0	 0	 0	 0	 0	 0	 0	 77	 0	 0	 0	 0	 83	 0	 0	 0	 0	 0	 0	 0	 280	 220	 0	 2559	 0	 0	 2085	 0	 0	 261	 63	 0	 0	 0	 0	 256	 4732	 0	 0	 0	 0	 0	 0	 58	 0	 0	 0	 0	 0	 0	 262	 0	 238	 170	 45	 0	 94	 0	 155	 2716	 350	 0	 0	 88	 0	 3816	 0	 0	 0	 0	 133	 0	 0	 0	 0	 0	 0	 0	 0	 0	 0	 3102	 69	 0	 0	 0	 71	 0	 53
"Anaerofustaceae"	 0	 0	 0	 0	 0	 0	 0	 0	 187	 0	 0	 0	 0	 0	 0	 0	 0	 0	 0	 0	 0	 0	 0	 0	 0	 0	 0	 0	 0	 0	 0	 0	 0	 0	 0	 0	 0	 0	 0	 0	 0	 0	 0	 0	 0	 0	 0	 0	 0	 0	 0	 0	 0	 0	 0	 0	 0	 0	 0	 0	 0	 0	 0	 0	 0	 0	 0	 0	 0	 0	 0	 0	 0	 0	 0	 0	 0	 0	 0	 0	 0	 0	 0	 0	 0	 0	 0	 0	 0	 0	 0	 0	 0	 0	 0	 0	 0
"Eubacteriaceae"	 0	 0	 0	 0	 0	 0	 0	 0	 52	 0	 0	 386	 0	 0	 151	 0	 0	 0	 2178	 0	 0	 0	 948	 0	 0	 28	 0	 2294	 0	 1174	 0	 0	 0	 0	 0	 0	 0	 0	 0	 0	 0	 0	 2737	 102	 0	 0	 0	 0	 0	 0	 0	 98	 0	 0	 0	 0	 1024	 0	 0	 0	 0	 0	 908	 0	 0	 0	 155	 0	 0	 0	 2476	 0	 0	 0	 0	 0	 0	 0	 0	 0	 0	 0	 0	 63	 0	 2330	 93	 1443	 0	 0	 289	 492	 0	 0	 0	 0	 0
"Anaerotignaceae"	 48	 465	 355	 253	 426	 1083	 209	 1520	 95	 1149	 0	 1063	 1172	 0	 0	 657	 98	 0	 324	 302	 96	 353	 1310	 1297	 1187	 0	 1221	 1216	 1440	 0	 1308	 113	 1170	 970	 129	 0	 536	 90	 286	 1314	 203	 88	 150	 1072	 0	 21	 601	 488	 0	 0	 0	 1163	 997	 0	 68	 918	 388	 950	 0	 782	 1136	 50	 0	 1998	 1308	 593	 0	 192	 1246	 295	 0	 236	 1038	 105	 484	 137	 963	 898	 30	 1170	 950	 0	 811	 1045	 772	 784	 818	 101	 119	 0	 402	 1041	 1204	 0	 0	 143	 475
"CAG-274"	 213	 386	 316	 0	 0	 856	 0	 0	 0	 900	 225	 0	 805	 0	 0	 350	 0	 770	 0	 0	 0	 0	 0	 0	 345	 0	 0	 0	 0	 0	 232	 0	 0	 0	 0	 0	 0	 314	 324	 0	 0	 295	 0	 0	 0	 0	 883	 0	 0	 465	 237	 0	 787	 0	 0	 0	 958	 0	 130	 0	 0	 0	 0	 0	 525	 0	 0	 0	 0	 230	 0	 0	 218	 0	 217	 0	 0	 261	 0	 0	 0	 0	 337	 0	 0	 0	 0	 0	 989	 0	 0	 294	 0	 0	 0	 0	 0
"Lachnospiraceae"	 18110	 38170	 62487	 51082	 58950	 60104	 26649	 56168	 36191	 36633	 40386	 37293	 46617	 21299	 42493	 44478	 48394	 38676	 30074	 37356	 49879	 52563	 40223	 53619	 48985	 29037	 42643	 30716	 65517	 33918	 42415	 42736	 47107	 54399	 36752	 37473	 32623	 42968	 52969	 43566	 53148	 58681	 44758	 52753	 38655	 31169	 50539	 44424	 34215	 48635	 43412	 47113	 51784	 30519	 40763	 45159	 43157	 37693	 14803	 47636	 53689	 46282	 36356	 42781	 59517	 25253	 45252	 60394	 52741	 46093	 33745	 47981	 54347	 59691	 51199	 47879	 48613	 54808	 42481	 45048	 41329	 44482	 41042	 40369	 50754	 50626	 44917	 36516	 46068	 60411	 71409	 25233	 35330	 22402	 45777	 38875	 45038
"Monoglobaceae"	 0	 0	 0	 0	 0	 0	 0	 0	 0	 0	 0	 0	 0	 0	 0	 0	 65	 0	 0	 0	 0	 0	 0	 0	 0	 0	 0	 0	 0	 0	 0	 0	 0	 0	 0	 0	 0	 0	 0	 0	 0	 0	 0	 0	 0	 0	 0	 0	 0	 0	 0	 0	 0	 0	 0	 0	 298	 0	 0	 0	 722	 0	 0	 0	 0	 0	 0	 0	 288	 0	 736	 0	 0	 0	 0	 0	 0	 0	 0	 0	 45	 0	 0	 0	 0	 694	 0	 0	 0	 0	 0	 0	 0	 0	 0	 0	 0
"UBA1381"	 0	 56	 857	 582	 886	 814	 137	 1259	 791	 784	 682	 0	 794	 0	 157	 816	 803	 859	 0	 609	 924	 648	 505	 943	 179	 381	 585	 694	 820	 525	 602	 0	 0	 815	 610	 0	 0	 721	 1203	 549	 1022	 994	 0	 601	 567	 535	 546	 631	 811	 913	 509	 732	 1434	 0	 675	 844	 684	 958	 228	 82	 158	 604	 1097	 695	 668	 0	 608	 943	 821	 947	 0	 845	 795	 618	 487	 0	 800	 684	 540	 652	 756	 0	 1015	 552	 667	 0	 455	 519	 727	 1060	 526	 545	 886	 0	 78	 779	 403
"UBA9506"	 0	 0	 0	 0	 0	 0	 0	 0	 0	 0	 0	 0	 0	 0	 0	 0	 675	 0	 0	 0	 0	 0	 0	 0	 0	 0	 0	 0	 0	 0	 0	 0	 0	 0	 0	 0	 0	 0	 0	 0	 0	 0	 0	 0	 0	 0	 0	 0	 0	 0	 0	 0	 0	 0	 0	 0	 0	 0	 0	 0	 0	 0	 0	 0	 0	 0	 0	 0	 0	 0	 0	 0	 0	 0	 0	 0	 0	 0	 0	 0	 0	 0	 0	 0	 0	 0	 0	 0	 0	 0	 112	 0	 0	 0	 0	 0	 0
"Acutalibacteraceae"	 1942	 2579	 5290	 5356	 3772	 4917	 48	 2734	 4056	 3916	 3933	 2660	 1606	 956	 1395	 3716	 11428	 1786	 2760	 121	 11613	 3560	 6359	 3572	 1042	 1307	 1798	 1264	 4421	 664	 1067	 1481	 2315	 5961	 3854	 983	 473	 813	 3035	 1720	 4169	 4303	 2611	 7331	 25	 35	 2754	 1164	 1047	 2933	 1756	 1221	 3136	 0	 4065	 1260	 3352	 2622	 1400	 5015	 4319	 846	 2704	 1925	 6358	 5238	 4230	 1091	 2415	 5298	 236	 832	 828	 3450	 1987	 3425	 6001	 2153	 953	 3952	 4626	 34	 5062	 4678	 2999	 66	 3235	 5045	 3467	 2246	 7248	 2479	 2268	 782	 5815	 2658	 3159
"Butyricicoccaceae"	 702	 1516	 1159	 1394	 1963	 1349	 1369	 2106	 2392	 2110	 1303	 329	 2081	 2012	 1739	 1959	 1731	 1485	 779	 1586	 1219	 1983	 1040	 1365	 1377	 1874	 1431	 2005	 1922	 1542	 1957	 2019	 1232	 1742	 1442	 1430	 1122	 1445	 1350	 1497	 1652	 1953	 1180	 1299	 1329	 101	 2066	 1309	 1422	 988	 1943	 1981	 1583	 418	 1542	 3885	 1622	 2077	 471	 1391	 1774	 1884	 1444	 1646	 2057	 957	 252	 2083	 2560	 1713	 588	 1977	 2319	 1277	 1413	 1169	 1871	 1984	 2490	 1485	 1015	 1802	 1479	 2019	 2150	 1816	 982	 1566	 1623	 1453	 1606	 1527	 1595	 635	 623	 2041	 1907
"CAG-272"	 0	 0	 390	 2821	 0	 0	 0	 64	 0	 0	 0	 0	 0	 0	 0	 0	 1882	 0	 0	 0	 2115	 0	 0	 4591	 0	 0	 161	 0	 64	 0	 0	 0	 0	 70	 0	 0	 0	 0	 0	 46	 0	 0	 0	 0	 0	 0	 0	 0	 0	 54	 0	 0	 0	 0	 0	 0	 0	 0	 0	 38	 0	 0	 0	 0	 71	 36	 8779	 0	 0	 0	 0	 0	 0	 0	 0	 397	 279	 0	 0	 0	 0	 0	 55	 224	 2093	 0	 0	 0	 0	 0	 172	 0	 0	 0	 6304	 36	 55
"CAG-382"	 0	 0	 0	 197	 0	 0	 0	 356	 0	 0	 0	 0	 0	 0	 0	 0	 77	 0	 0	 0	 138	 0	 0	 83	 0	 0	 0	 0	 0	 0	 0	 0	 0	 0	 0	 0	 0	 0	 0	 0	 0	 0	 0	 43	 0	 0	 0	 0	 0	 0	 0	 0	 0	 0	 0	 0	 0	 0	 0	 0	 0	 0	 0	 0	 0	 0	 2162	 0	 0	 0	 0	 0	 0	 0	 0	 0	 509	 0	 0	 0	 0	 0	 0	 65	 0	 0	 0	 0	 0	 0	 198	 0	 0	 0	 834	 0	 0
"Oscillospiraceae"	 4760	 8057	 7336	 12333	 8946	 13014	 664	 9758	 10818	 8601	 4269	 5635	 5795	 3184	 4380	 6562	 15426	 2416	 5519	 6677	 20668	 4912	 8641	 10233	 2973	 4315	 3468	 5076	 6767	 4741	 1318	 1122	 5017	 7234	 7928	 4724	 2550	 5968	 8763	 5324	 8773	 4797	 9098	 7113	 90	 1211	 1878	 8937	 3151	 5674	 4260	 3474	 7156	 72	 8135	 6250	 5856	 1582	 1189	 5267	 5649	 4144	 6883	 3001	 9963	 4436	 14023	 1558	 8795	 5865	 5693	 9176	 1462	 3167	 3848	 5682	 10060	 5984	 7258	 8637	 6813	 3055	 8939	 14219	 3664	 3794	 6219	 10390	 11164	 1341	 11086	 5513	 5294	 2190	 11370	 10751	 11013
"QAMX01"	 0	 0	 0	 0	 0	 0	 0	 0	 0	 0	 0	 0	 0	 0	 0	 0	 0	 0	 0	 0	 0	 0	 0	 0	 0	 0	 0	 0	 0	 0	 0	 0	 0	 0	 0	 0	 0	 0	 0	 0	 0	 0	 0	 0	 0	 0	 0	 0	 0	 0	 0	 0	 0	 0	 0	 0	 0	 0	 0	 0	 0	 0	 0	 0	 0	 0	 81	 0	 0	 0	 0	 0	 0	 0	 0	 0	 0	 0	 0	 0	 0	 0	 0	 0	 0	 0	 0	 0	 0	 0	 0	 0	 0	 0	 0	 0	 0
"Ruminococcaceae"	 3510	 5414	 10837	 12107	 10914	 10218	 4051	 12166	 5196	 5683	 6807	 6262	 8509	 6772	 1518	 9277	 15448	 1655	 3526	 4904	 13850	 8193	 7531	 8977	 7496	 3569	 5543	 4666	 9684	 7002	 3393	 2355	 9484	 8156	 5357	 2180	 3460	 7511	 8806	 6993	 7824	 8542	 8859	 6535	 1380	 67	 9355	 7290	 4138	 8994	 1832	 3776	 6101	 437	 5639	 6737	 5119	 5001	 1742	 9504	 9750	 1970	 4098	 5106	 7369	 5787	 8258	 8923	 8206	 9400	 2288	 10550	 9961	 8476	 3017	 8636	 7091	 9167	 8807	 7396	 4473	 3167	 11631	 11103	 6486	 5098	 8111	 7064	 9054	 9102	 15747	 5441	 4988	 2438	 12010	 3882	 8927
"UBA644"	 0	 0	 0	 0	 0	 0	 0	 0	 0	 0	 0	 0	 0	 0	 0	 0	 112	 0	 0	 0	 0	 0	 0	 0	 0	 0	 0	 0	 0	 0	 0	 0	 0	 0	 0	 0	 0	 0	 0	 0	 0	 0	 0	 0	 0	 0	 0	 0	 0	 0	 0	 0	 0	 0	 0	 0	 0	 0	 0	 0	 0	 0	 0	 0	 0	 0	 0	 0	 0	 0	 0	 0	 0	 0	 0	 0	 0	 0	 0	 0	 0	 0	 0	 0	 0	 0	 0	 0	 0	 0	 0	 0	 0	 0	 0	 0	 0
"Anaerovoracaceae"	 0	 0	 0	 380	 0	 379	 0	 107	 1220	 0	 0	 85	 52	 27	 0	 801	 180	 0	 29	 0	 476	 42	 0	 290	 0	 0	 0	 34	 103	 0	 0	 0	 153	 146	 0	 0	 0	 0	 68	 0	 0	 120	 305	 252	 0	 0	 0	 114	 0	 0	 0	 0	 0	 0	 0	 0	 0	 0	 0	 49	 106	 0	 0	 129	 0	 160	 1571	 0	 0	 45	 0	 0	 0	 0	 0	 0	 235	 82	 0	 361	 0	 0	 449	 1333	 51	 0	 684	 157	 444	 0	 1280	 138	 0	 0	 1506	 168	 303
"Peptostreptococcaceae"	 0	 0	 109	 396	 595	 276	 103	 139	 77	 0	 0	 105	 393	 43	 0	 174	 98	 23	 26	 0	 0	 46	 0	 0	 348	 0	 0	 0	 52	 106	 82	 36	 243	 643	 784	 38	 372	 0	 105	 41	 0	 686	 1191	 1219	 747	 87	 0	 0	 0	 0	 28	 696	 201	 0	 102	 0	 0	 491	 0	 0	 360	 441	 122	 44	 397	 41	 590	 1100	 597	 0	 0	 800	 0	 467	 0	 0	 0	 0	 1031	 96	 34	 0	 289	 0	 0	 90	 0	 71	 144	 765	 201	 72	 0	 18	 257	 0	 186
"CAG-508"	 0	 0	 1416	 2770	 1290	 0	 0	 1457	 41	 0	 0	 0	 0	 0	 0	 0	 8808	 0	 0	 0	 2545	 1064	 0	 2188	 0	 0	 0	 0	 4447	 0	 0	 46	 166	 4483	 0	 0	 0	 0	 0	 2439	 507	 0	 0	 0	 33	 0	 91	 0	 0	 0	 0	 0	 925	 0	 0	 0	 0	 0	 0	 0	 0	 0	 2844	 0	 1503	 0	 2477	 3029	 1862	 1672	 0	 674	 0	 0	 0	 2172	 3078	 0	 0	 0	 0	 0	 0	 0	 2125	 0	 1836	 0	 1138	 416	 9863	 0	 0	 0	 3079	 0	 0
"UBA1255"	 0	 0	 0	 0	 0	 0	 0	 0	 0	 0	 0	 0	 0	 0	 0	 0	 0	 0	 0	 0	 537	 0	 0	 0	 0	 0	 0	 0	 0	 0	 0	 0	 0	 0	 0	 0	 0	 0	 0	 0	 0	 0	 0	 0	 0	 0	 0	 0	 0	 0	 0	 0	 0	 0	 0	 0	 0	 0	 0	 0	 0	 0	 0	 0	 0	 0	 0	 0	 0	 0	 0	 0	 0	 0	 0	 0	 0	 0	 0	 0	 0	 0	 0	 0	 0	 0	 0	 0	 0	 0	 0	 0	 0	 0	 0	 0	 0
"Borkfalkiaceae"	 0	 0	 323	 131	 1083	 322	 0	 68	 0	 0	 0	 0	 0	 0	 0	 68	 1661	 0	 0	 0	 121	 0	 0	 379	 0	 0	 0	 0	 86	 0	 0	 0	 61	 47	 175	 0	 0	 0	 0	 0	 0	 0	 0	 809	 0	 0	 0	 0	 0	 0	 0	 0	 0	 0	 0	 0	 0	 0	 0	 0	 0	 0	 0	 0	 0	 0	 1898	 0	 0	 67	 0	 0	 0	 0	 0	 326	 228	 0	 133	 0	 0	 0	 0	 3179	 0	 0	 725	 38	 0	 0	 284	 0	 0	 0	 2170	 0	 0
"CAG-138"	 0	 0	 828	 1607	 816	 0	 0	 0	 0	 0	 0	 0	 0	 0	 0	 0	 923	 0	 0	 0	 1544	 0	 0	 1724	 0	 0	 0	 0	 0	 0	 0	 0	 0	 0	 0	 0	 0	 0	 0	 0	 0	 0	 766	 0	 0	 0	 0	 0	 0	 0	 0	 0	 0	 0	 0	 0	 0	 0	 0	 0	 0	 0	 0	 0	 0	 128	 1617	 0	 0	 58	 0	 0	 0	 0	 0	 0	 798	 0	 0	 0	 0	 0	 0	 0	 0	 0	 0	 0	 0	 0	 227	 0	 0	 0	 1833	 0	 0
"CAG-314"	 0	 0	 0	 1246	 0	 0	 0	 0	 0	 0	 0	 0	 0	 0	 0	 0	 1217	 0	 0	 0	 1682	 0	 0	 0	 0	 0	 0	 0	 0	 0	 0	 0	 0	 0	 0	 0	 0	 0	 0	 0	 0	 0	 156	 0	 0	 0	 0	 0	 0	 0	 0	 0	 0	 0	 0	 0	 0	 0	 0	 0	 0	 0	 0	 0	 0	 0	 1445	 0	 0	 0	 0	 0	 0	 0	 0	 0	 0	 0	 0	 0	 0	 0	 0	 0	 0	 0	 0	 0	 0	 0	 0	 0	 0	 0	 544	 0	 0
"CAG-552"	 0	 0	 0	 0	 0	 0	 0	 0	 0	 0	 0	 0	 0	 0	 0	 0	 0	 0	 0	 0	 0	 0	 0	 381	 0	 0	 0	 0	 0	 0	 0	 0	 0	 0	 0	 0	 0	 0	 0	 0	 0	 0	 0	 0	 0	 0	 0	 0	 0	 0	 0	 0	 0	 0	 0	 0	 0	 0	 0	 0	 0	 0	 0	 0	 0	 0	 991	 0	 0	 0	 0	 0	 0	 0	 0	 0	 0	 0	 0	 0	 0	 0	 0	 0	 0	 0	 0	 0	 0	 0	 0	 0	 0	 0	 121	 0	 0
"CAG-74"	 0	 0	 1065	 0	 83	 0	 0	 1109	 0	 0	 0	 0	 0	 0	 0	 0	 1175	 0	 0	 0	 0	 1412	 0	 336	 0	 0	 0	 0	 1066	 0	 0	 0	 0	 0	 0	 0	 0	 0	 0	 0	 1209	 0	 0	 0	 0	 0	 0	 0	 0	 0	 0	 0	 0	 0	 0	 0	 0	 0	 0	 0	 0	 0	 0	 0	 0	 0	 980	 0	 0	 1112	 0	 0	 0	 0	 0	 316	 0	 0	 0	 0	 0	 0	 0	 1112	 0	 0	 0	 0	 0	 1329	 0	 0	 0	 0	 566	 0	 0
"CAG-917"	 0	 0	 124	 0	 0	 0	 0	 0	 0	 0	 0	 0	 0	 0	 0	 0	 0	 0	 0	 0	 0	 0	 0	 0	 0	 0	 0	 0	 0	 0	 0	 0	 0	 0	 0	 0	 0	 0	 0	 0	 0	 0	 0	 0	 0	 0	 0	 0	 0	 0	 0	 0	 0	 0	 0	 0	 0	 0	 0	 0	 0	 0	 0	 0	 0	 0	 1855	 0	 0	 0	 0	 0	 0	 0	 0	 0	 0	 0	 0	 0	 0	 0	 0	 0	 0	 0	 0	 0	 0	 0	 0	 0	 0	 0	 220	 0	 0
"Christensenellaceae"	 0	 0	 0	 0	 0	 0	 0	 172	 419	 0	 0	 0	 0	 0	 0	 172	 80	 0	 0	 0	 183	 0	 0	 0	 0	 0	 0	 0	 0	 0	 0	 0	 0	 0	 0	 0	 0	 0	 0	 0	 0	 0	 3360	 0	 0	 0	 0	 94	 0	 0	 0	 0	 0	 0	 0	 0	 0	 0	 0	 0	 0	 0	 0	 151	 0	 0	 1543	 0	 0	 0	 37	 0	 0	 546	 0	 0	 0	 0	 0	 0	 0	 0	 0	 1021	 0	 0	 0	 80	 72	 0	 67	 0	 0	 0	 90	 0	 0
"GCA-900066905"	 0	 0	 0	 0	 0	 0	 0	 0	 80	 0	 0	 0	 0	 0	 0	 0	 176	 0	 0	 0	 1212	 0	 60	 0	 0	 0	 0	 0	 0	 0	 0	 0	 0	 0	 0	 0	 0	 0	 0	 0	 0	 0	 853	 0	 0	 0	 0	 41	 0	 0	 0	 0	 0	 0	 0	 0	 0	 0	 0	 0	 52	 0	 0	 184	 0	 0	 0	 0	 0	 0	 0	 0	 0	 0	 0	 0	 0	 0	 0	 0	 0	 0	 0	 0	 0	 0	 0	 0	 0	 0	 93	 0	 0	 0	 0	 0	 0
"QALW01"	 0	 0	 0	 0	 0	 0	 0	 0	 0	 0	 0	 0	 0	 0	 0	 0	 100	 0	 0	 0	 176	 0	 0	 0	 0	 0	 0	 0	 0	 0	 0	 0	 0	 0	 0	 0	 0	 0	 0	 0	 0	 0	 0	 0	 0	 0	 0	 0	 0	 0	 0	 0	 0	 0	 0	 0	 0	 0	 0	 0	 0	 0	 0	 0	 0	 0	 0	 0	 0	 0	 0	 0	 0	 0	 0	 0	 0	 0	 0	 0	 0	 0	 0	 0	 0	 0	 0	 0	 0	 0	 0	 0	 0	 0	 0	 116	 0
"QAND01"	 0	 0	 0	 122	 0	 0	 0	 0	 67	 0	 0	 0	 0	 0	 0	 0	 89	 0	 0	 0	 320	 0	 0	 0	 0	 0	 0	 0	 0	 0	 0	 0	 0	 0	 0	 0	 0	 0	 0	 0	 0	 0	 198	 0	 0	 0	 0	 0	 0	 0	 0	 0	 0	 0	 0	 0	 0	 0	 0	 0	 0	 0	 0	 0	 45	 0	 87	 0	 0	 0	 0	 0	 0	 65	 0	 0	 0	 0	 0	 0	 0	 0	 0	 0	 0	 0	 0	 0	 86	 0	 134	 0	 0	 0	 0	 47	 0
"Desulfitobacteriaceae"	 0	 0	 0	 0	 0	 0	 0	 0	 0	 0	 0	 0	 0	 0	 0	 0	 0	 0	 0	 0	 0	 0	 0	 0	 0	 0	 0	 0	 0	 0	 0	 0	 0	 0	 0	 0	 0	 0	 0	 0	 0	 0	 0	 0	 0	 0	 0	 0	 0	 0	 0	 0	 0	 0	 0	 0	 0	 0	 0	 0	 0	 0	 0	 0	 0	 0	 0	 0	 0	 0	 32	 0	 0	 0	 0	 0	 0	 0	 0	 0	 0	 0	 0	 0	 0	 0	 0	 0	 0	 0	 0	 0	 0	 0	 0	 0	 0
"Peptococcaceae"	 0	 0	 122	 0	 0	 0	 0	 158	 0	 0	 0	 0	 0	 0	 0	 0	 0	 0	 0	 0	 0	 0	 0	 0	 0	 0	 0	 0	 216	 0	 0	 0	 0	 0	 0	 0	 0	 0	 0	 0	 0	 0	 0	 0	 0	 0	 0	 0	 0	 0	 0	 0	 0	 0	 0	 0	 0	 0	 0	 0	 0	 0	 0	 0	 0	 0	 0	 0	 0	 0	 0	 0	 0	 0	 0	 0	 0	 0	 0	 0	 0	 0	 0	 0	 0	 0	 57	 0	 0	 0	 224	 0	 0	 0	 0	 0	 0
"Acidaminococcaceae"	 1796	 2454	 74	 1918	 1475	 1295	 714	 1208	 2003	 568	 2372	 2718	 2569	 2336	 3154	 1348	 661	 1028	 924	 1877	 353	 1099	 2542	 401	 1922	 1294	 1915	 3316	 479	 2301	 2006	 2383	 566	 356	 1168	 2450	 2574	 1340	 2136	 1172	 1305	 1654	 2314	 3409	 1935	 0	 2144	 778	 1438	 1633	 1838	 1173	 1518	 2716	 3486	 1041	 2756	 2447	 468	 627	 3097	 3520	 2525	 2490	 1098	 1681	 1126	 808	 1658	 2300	 2291	 188	 833	 1927	 1031	 1076	 521	 2636	 1200	 1265	 1156	 1296	 2747	 1170	 949	 2360	 789	 1571	 1405	 886	 193	 2218	 334	 1141	 0	 2457	 1445
"Selenomonadaceae"	 1362	 1366	 1555	 863	 0	 0	 0	 1421	 0	 387	 1297	 1416	 0	 1556	 1371	 675	 1700	 0	 0	 2258	 533	 0	 1335	 0	 1595	 0	 0	 0	 0	 1513	 0	 0	 0	 1320	 0	 1345	 0	 1504	 1955	 1317	 790	 2016	 0	 464	 0	 23	 1538	 1436	 2100	 1328	 0	 0	 1281	 1347	 0	 0	 1549	 1800	 304	 0	 0	 0	 0	 0	 0	 363	 0	 450	 0	 2189	 393	 0	 2089	 1334	 1374	 416	 0	 0	 0	 1498	 0	 0	 1637	 496	 840	 1409	 0	 0	 1317	 0	 1041	 1380	 1472	 1438	 771	 1521	 1378
"Dialisteraceae"	 0	 57	 263	 951	 1155	 0	 470	 0	 0	 1177	 1139	 62	 139	 271	 49	 608	 1206	 422	 0	 1137	 903	 328	 0	 949	 912	 1436	 0	 0	 984	 138	 1046	 0	 262	 0	 0	 126	 0	 1246	 1155	 281	 955	 335	 880	 62	 1026	 1143	 876	 180	 1259	 0	 95	 163	 1188	 405	 101	 0	 0	 1355	 513	 1069	 1234	 0	 139	 907	 70	 144	 0	 281	 0	 978	 890	 0	 1035	 63	 0	 634	 0	 366	 0	 52	 0	 0	 933	 0	 1015	 1041	 0	 0	 936	 0	 880	 180	 70	 187	 84	 0	 0
"Megasphaeraceae"	 788	 1060	 0	 1057	 1127	 0	 0	 0	 0	 2047	 1098	 1183	 1499	 2518	 2541	 1256	 2449	 0	 0	 1047	 451	 0	 1696	 1837	 0	 1185	 0	 0	 1356	 2246	 0	 0	 0	 0	 0	 2454	 935	 1117	 2506	 1377	 1832	 1984	 0	 2447	 0	 0	 1095	 0	 2554	 1748	 457	 1094	 69	 2491	 1050	 0	 532	 2495	 400	 0	 1019	 0	 1097	 0	 0	 1041	 0	 0	 408	 1105	 1178	 460	 0	 1888	 1502	 424	 800	 901	 0	 1486	 0	 0	 1062	 327	 869	 623	 0	 302	 0	 0	 0	 781	 0	 511	 1109	 1464	 0
"Veillonellaceae"	 0	 0	 0	 0	 0	 0	 807	 229	 0	 469	 0	 0	 0	 0	 0	 0	 0	 0	 0	 175	 0	 0	 0	 0	 0	 0	 0	 860	 0	 186	 0	 26	 0	 0	 116	 0	 0	 0	 0	 1033	 0	 0	 0	 0	 1482	 468	 0	 0	 99	 0	 0	 0	 0	 0	 0	 0	 0	 0	 0	 793	 0	 84	 0	 0	 0	 471	 0	 110	 0	 0	 0	 0	 0	 689	 0	 319	 0	 0	 0	 0	 0	 0	 0	 0	 0	 0	 0	 0	 0	 398	 0	 0	 0	 0	 0	 0	 56
"Fusobacteriaceae"	 683	 2355	 0	 0	 0	 0	 568	 0	 0	 79	 0	 0	 0	 0	 457	 0	 0	 0	 1369	 0	 0	 0	 0	 0	 0	 0	 0	 0	 1600	 0	 0	 1531	 0	 0	 0	 0	 216	 972	 0	 0	 0	 0	 493	 0	 0	 122	 0	 0	 0	 0	 0	 920	 0	 1567	 0	 1672	 0	 0	 0	 0	 0	 2022	 0	 0	 0	 2310	 0	 0	 0	 0	 0	 0	 0	 0	 2142	 0	 0	 0	 0	 0	 1215	 762	 0	 0	 0	 0	 0	 0	 0	 0	 0	 30	 0	 0	 0	 0	 123
"CAG-239"	 0	 0	 3850	 1642	 0	 0	 0	 0	 0	 0	 0	 0	 0	 0	 1414	 0	 0	 0	 0	 0	 0	 0	 0	 0	 0	 0	 1490	 0	 0	 0	 0	 0	 0	 0	 0	 0	 0	 0	 0	 0	 0	 0	 0	 0	 0	 0	 0	 1660	 0	 0	 0	 0	 0	 0	 0	 0	 0	 0	 0	 0	 0	 0	 0	 0	 0	 0	 945	 0	 0	 1663	 0	 0	 0	 0	 0	 0	 0	 0	 0	 0	 0	 0	 0	 0	 1341	 0	 0	 0	 0	 0	 0	 906	 965	 0	 0	 0	 0
"Rs-D84"	 0	 0	 0	 0	 0	 0	 0	 0	 0	 0	 0	 0	 0	 0	 0	 0	 0	 0	 0	 0	 0	 0	 0	 0	 0	 0	 0	 0	 0	 0	 0	 0	 0	 0	 0	 0	 0	 0	 0	 0	 0	 0	 0	 0	 0	 0	 0	 0	 0	 0	 0	 0	 0	 0	 0	 0	 0	 0	 0	 0	 0	 0	 0	 0	 0	 0	 0	 0	 0	 0	 0	 0	 0	 0	 0	 0	 0	 0	 0	 0	 0	 0	 0	 0	 0	 0	 0	 0	 0	 0	 0	 0	 0	 0	 121	 0	 0
"Burkholderiaceae"	 520	 2341	 1876	 2480	 1812	 1399	 731	 1779	 1176	 3113	 1411	 1569	 945	 1626	 2551	 1849	 1123	 0	 1330	 157	 1766	 762	 984	 1120	 1096	 2924	 2095	 1029	 1606	 1861	 2163	 0	 1268	 1383	 1232	 1693	 1737	 2388	 1521	 1874	 2579	 4237	 1108	 1319	 1560	 1384	 2192	 0	 1923	 1574	 1152	 1168	 2643	 3082	 1244	 1153	 2304	 2678	 1004	 2260	 2235	 0	 2206	 1629	 931	 1477	 975	 2181	 3263	 1876	 2097	 2420	 1380	 1525	 1302	 1996	 1274	 1548	 2477	 1573	 3051	 2240	 2775	 2379	 1464	 1175	 1546	 2048	 1202	 1078	 2173	 2232	 1684	 0	 192	 1995	 980
"Aeromonadaceae"	 0	 0	 0	 0	 0	 0	 0	 0	 0	 0	 0	 0	 0	 0	 2130	 0	 0	 0	 0	 0	 0	 0	 0	 0	 0	 0	 0	 0	 0	 0	 0	 0	 0	 0	 0	 0	 0	 0	 0	 0	 0	 0	 0	 0	 0	 0	 0	 0	 0	 0	 0	 0	 0	 0	 0	 0	 0	 0	 0	 0	 0	 0	 0	 0	 0	 0	 0	 0	 0	 0	 0	 0	 0	 0	 0	 0	 0	 0	 0	 0	 0	 0	 0	 0	 0	 0	 0	 0	 0	 0	 0	 0	 0	 0	 0	 0	 0
"Enterobacteriaceae"	 154	 895	 0	 2347	 1976	 5936	 5684	 664	 0	 1102	 2412	 1259	 0	 36	 5050	 0	 448	 4198	 1415	 1056	 1221	 312	 5938	 3870	 6286	 3147	 404	 1509	 5734	 8034	 1169	 2386	 645	 0	 2075	 122	 2755	 2933	 1282	 5225	 0	 2069	 4166	 3150	 8962	 5145	 1041	 623	 1957	 1730	 32	 0	 1362	 623	 0	 0	 497	 2643	 600	 2307	 2591	 2731	 704	 2390	 0	 3250	 1025	 212	 47	 4664	 823	 3821	 2916	 3184	 3646	 1960	 177	 3517	 944	 0	 713	 0	 1693	 117	 2804	 1992	 2965	 1605	 576	 2744	 2039	 0	 747	 361	 5438	 248	 2590
"Pasteurellaceae"	 0	 0	 0	 0	 70	 0	 392	 251	 0	 756	 0	 0	 0	 0	 0	 0	 0	 0	 0	 0	 0	 0	 0	 0	 0	 0	 0	 0	 0	 0	 0	 807	 0	 0	 0	 0	 0	 0	 0	 330	 0	 0	 0	 0	 633	 0	 0	 0	 80	 0	 0	 0	 0	 0	 0	 0	 0	 0	 0	 880	 0	 0	 0	 0	 0	 69	 0	 0	 0	 0	 0	 0	 0	 647	 0	 800	 0	 0	 0	 0	 0	 376	 0	 0	 0	 71	 0	 0	 0	 111	 109	 0	 0	 0	 0	 0	 0
"Succinivibrionaceae"	 0	 0	 0	 0	 0	 0	 0	 0	 0	 0	 0	 0	 0	 0	 0	 0	 0	 0	 0	 0	 0	 0	 0	 0	 0	 0	 0	 0	 0	 0	 758	 0	 0	 0	 0	 0	 0	 0	 0	 0	 0	 0	 0	 0	 0	 0	 0	 0	 0	 205	 0	 0	 0	 0	 0	 0	 0	 0	 0	 0	 0	 0	 0	 0	 0	 0	 0	 0	 0	 0	 0	 0	 0	 0	 0	 706	 0	 0	 0	 0	 0	 0	 0	 0	 0	 0	 0	 0	 0	 0	 0	 0	 0	 0	 0	 0	 0
"Pseudomonadaceae"	 0	 0	 0	 0	 0	 0	 0	 0	 0	 0	 0	 0	 0	 0	 0	 0	 0	 0	 0	 0	 0	 0	 0	 0	 0	 0	 0	 0	 0	 0	 0	 0	 0	 0	 0	 0	 0	 0	 0	 0	 0	 0	 0	 0	 0	 0	 0	 0	 0	 0	 0	 0	 0	 0	 0	 0	 0	 0	 0	 0	 0	 0	 0	 0	 0	 0	 0	 0	 0	 0	 0	 0	 0	 0	 0	 0	 0	 0	 0	 0	 0	 0	 0	 0	 0	 0	 0	 0	 0	 0	 0	 0	 0	 0	 0	 0	 69
"Dethiosulfovibrionaceae"	 0	 0	 0	 0	 0	 0	 0	 0	 0	 0	 0	 0	 0	 0	 0	 0	 0	 0	 0	 0	 0	 0	 0	 0	 0	 0	 0	 0	 0	 0	 0	 0	 0	 0	 0	 0	 0	 0	 0	 0	 0	 0	 0	 0	 0	 0	 0	 0	 0	 0	 0	 0	 0	 0	 0	 0	 0	 0	 0	 0	 651	 0	 0	 0	 0	 0	 0	 0	 0	 0	 0	 0	 0	 0	 0	 0	 0	 0	 0	 0	 0	 0	 0	 0	 34	 0	 0	 0	 0	 0	 0	 0	 0	 0	 0	 0	 0
"Synergistaceae"	 0	 0	 0	 134	 0	 0	 0	 0	 0	 0	 0	 0	 0	 0	 0	 0	 0	 0	 188	 0	 1054	 0	 105	 0	 0	 0	 0	 0	 0	 0	 0	 0	 0	 0	 0	 0	 0	 0	 0	 0	 0	 0	 3732	 0	 0	 0	 0	 0	 0	 0	 0	 0	 0	 0	 0	 0	 0	 0	 0	 0	 0	 0	 0	 106	 0	 0	 157	 0	 0	 0	 0	 0	 0	 0	 0	 0	 66	 0	 0	 0	 0	 0	 55	 0	 0	 0	 0	 0	 0	 0	 0	 0	 0	 0	 0	 397	 165
"UBA1829"	 0	 0	 3435	 155	 62	 0	 0	 0	 0	 0	 0	 0	 0	 0	 0	 0	 3942	 0	 0	 0	 0	 0	 0	 143	 0	 0	 0	 0	 0	 0	 0	 0	 0	 0	 0	 0	 0	 0	 0	 0	 0	 0	 0	 0	 0	 0	 0	 0	 0	 0	 0	 0	 0	 0	 0	 0	 0	 0	 0	 0	 0	 0	 0	 0	 0	 0	 1845	 0	 0	 0	 0	 0	 0	 0	 0	 0	 72	 0	 0	 0	 0	 0	 0	 3285	 0	 0	 0	 0	 0	 0	 467	 0	 0	 0	 105	 0	 0
"Victivallaceae"	 0	 0	 2136	 312	 0	 0	 0	 0	 0	 0	 0	 0	 0	 0	 0	 209	 162	 0	 0	 0	 2899	 219	 0	 157	 0	 0	 74	 0	 0	 0	 0	 0	 0	 0	 0	 0	 0	 0	 0	 0	 0	 0	 660	 0	 0	 0	 0	 0	 0	 0	 0	 0	 0	 0	 0	 0	 48	 0	 0	 0	 0	 0	 0	 136	 787	 0	 2155	 0	 0	 0	 0	 0	 0	 0	 0	 0	 380	 195	 0	 0	 0	 0	 135	 587	 0	 0	 0	 0	 374	 0	 0	 0	 0	 0	 0	 1130	 0
"CAG-312"	 0	 64	 622	 0	 566	 0	 0	 0	 0	 0	 0	 0	 0	 0	 0	 0	 0	 0	 0	 0	 2837	 0	 0	 162	 0	 0	 0	 0	 0	 0	 0	 0	 0	 0	 0	 0	 0	 0	 0	 0	 0	 0	 0	 0	 0	 0	 0	 0	 0	 0	 0	 0	 0	 0	 0	 0	 0	 0	 0	 0	 0	 0	 0	 0	 0	 0	 2050	 0	 0	 0	 0	 0	 0	 0	 0	 0	 0	 0	 0	 0	 0	 0	 0	 0	 0	 0	 0	 0	 0	 0	 0	 0	 0	 0	 321	 0	 0
"Akkermansiaceae"	 0	 0	 935	 1112	 0	 0	 0	 0	 1680	 0	 51	 0	 0	 0	 0	 0	 0	 0	 0	 31	 0	 0	 1702	 939	 0	 42	 832	 0	 0	 0	 0	 0	 0	 0	 1353	 1083	 0	 0	 0	 0	 1057	 0	 62	 0	 0	 0	 0	 0	 0	 0	 527	 0	 0	 0	 1351	 0	 1464	 0	 0	 98	 50	 0	 0	 0	 107	 0	 0	 0	 0	 0	 0	 0	 51	 0	 0	 0	 0	 0	 0	 0	 1585	 0	 1534	 1453	 0	 0	 0	 0	 72	 0	 0	 0	 0	 0	 1606	 1338	 0
"Chlamydiaceae"	 0	 0	 0	 0	 0	 0	 0	 0	 0	 0	 0	 0	 0	 0	 0	 0	 0	 0	 0	 0	 0	 0	 0	 0	 0	 0	 0	 0	 0	 0	 0	 0	 0	 0	 0	 0	 0	 0	 0	 0	 0	 0	 0	 0	 0	 0	 0	 0	 0	 0	 0	 0	 0	 0	 0	 0	 0	 0	 0	 0	 0	 0	 0	 0	 0	 0	 0	 0	 0	 0	 0	 0	 0	 0	 0	 0	 0	 0	 0	 0	 0	 0	 0	 0	 0	 0	 0	 0	 0	 0	 0	 0	 0	 0	 76	 0	 0
