#Datasets	 AA_0001	 AA_0003	 AA_0004	 AA_0006	 AA_0008	 AA_0009	 AA_0010	 AA_0012	 AA_0013	 AA_0014	 AA_0015	 AA_0016	 AA_0017	 AA_0018	 AA_0019	 AA_0021	 AA_0023	 AA_0025	 AA_0026	 AA_0027	 AA_0030	 AA_0032	 AA_0033	 AA_0034	 AA_0035	 AA_0036	 AA_0037	 AA_0038	 AA_0039	 AA_0040	 AA_0041	 AA_0042	 AA_0043	 AA_0044	 AA_0045	 AA_0046	 AA_0047	 AA_0048	 AA_0049	 AA_0050	 AA_0052	 AA_0053	 AA_0054	 AA_0055	 AA_0057	 AA_0058	 AA_0060	 AA_0061	 AA_0062	 AA_0065	 AA_0071	 AA_0080	 AA_0092	 AA_0093	 AA_0096	 AA_0097	 AA_0098	 AA_0099	 AA_0100	 AA_0102	 AA_0103	 AA_0104	 AA_0105	 AA_0106	 AA_0109	 AA_0111	 AA_0112	 AA_0113	 AA_0115	 AA_0116	 AA_0117	 AA_0118	 AA_0119	 AA_0120	 AA_0121	 AA_0123	 AA_0125	 AA_0126	 AA_0127	 AA_0128	 AA_0129	 AA_0130	 AA_0131	 AA_0132	 AA_0133	 AA_0134	 AA_0135	 AA_0136	 AA_0137	 AA_0138	 AA_0139	 AA_0141	 AA_0142	 AA_0143	 AA_0151	 AA_0152	 AA_0153
"Actinomycetaceae"	0	0	0	0	0	0	0	0.10072	0	0.336885	0	0.076152	0	0.067226	0	0	0	0	0	0	0	0	0	0	0	0	0	0	0	0	0	0	0	0	0	0	0	0	0	0.195154	0	0	0	0	0.052386	0	0	0	0.105127	0	0	0	0	0	0	0	0	0	0	0	0	0	0.046342	0.105121	0	0.882044	0	0	0	0	0	0	0	0	0	0	0	0	0	0	0	0	0	0	0	0	0	0.193854	0	0	0	0	0	0.107252	0	0	0
"Bifidobacteriaceae"	1.894092	1.815177	1.904856	3.281978	3.050968	0.617579	3.312931	2.241207	2.850877	4.173833	4.241719	2.50349	3.577485	5.146051	0.996843	2.502934	2.931539	0	0	1.670014	2.010548	2.378227	3.55066	1.239417	2.106653	4.271275	2.594042	3.833635	2.261073	3.769353	5.436465	0	2.273582	1.735502	2.103194	1.272506	3.480433	4.188023	2.894676	3.525777	2.672788	2.287436	2.10209	0.409344	4.440899	3.618455	3.877245	0	3.308348	1.74514	1.185106	2.379049	2.542488	5.336251	3.455946	1.116502	3.647771	4.329524	3.647984	2.609384	2.540923	4.035666	2.973948	2.874162	2.102824	2.458639	0.297816	2.911822	3.063185	3.017724	3.480583	1.797007	2.961749	2.253946	0.686016	2.468336	2.479452	2.646149	3.759797	2.160443	1.835707	1.902918	3.310115	1.523024	0.842534	2.438234	1.860465	1.833424	3.243332	4.138935	1.300651	2.221488	0	3.762414	1.882994	2.657272	0.065795
"Micrococcaceae"	0	0	0	0	0	0	0	0	0	0.836008	0	0	0	0	0.028793	0	0	0	0	0	0	0	0	0	0	0	0	0	0	0	0	0	0	0	0	0	0	0	0	0	0	0	0	0	0	0	0	0	0	0	0	0	0	0	0	0	0	0	0	0	0	0	0	0	0	0.135608	0	0	0	0	0	0	0	0	0	0	0	0	0	0	0	0	0	0	0	0	0	0	0	0	0	0	0	0	0	0	0
"Atopobiaceae"	0	0	0	1.038085	1.378052	0	0	0.547078	0	0	2.139065	0	0	3.105557	0.645366	0.042276	0.729354	0	0	0.567395	0.363366	0.798738	0.682935	0.504134	0	2.044195	0	0.7143	0.155346	0.799613	0.494943	0	0	0	0	0	0	0	0.100638	0.033339	0.253605	1.766582	0.056227	0	0	0	1.121969	0	0.245997	0.035529	0	0	0.090127	0	0	0	2.090034	0.039048	1.02087	0.803452	1.442635	0	1.844613	0	0	0.63677	0	0.68149	0.252311	0.538698	0	0	0	0.045751	0	1.075965	0.075894	0	0	0.073529	0	0	1.564921	0	0.45609	0	0	0	0.62013	0	1.052413	0.745213	0.598471	0.122268	1.239608	0	0
"Coriobacteriaceae"	0.662114	0.415777	0.535832	0.613387	0.471917	0.414822	1.111528	1.426025	0.61501	1.125906	0	0.369654	0.768401	2.049721	0.68806	1.961969	0.591505	0	0.697193	1.837698	1.334767	1.106133	0.93387	0.479317	0.491433	1.395983	0.550467	1.472451	0.691816	1.943174	1.131137	0.634019	1.503859	0.643467	1.210758	1.726821	0.76957	1.345759	1.405854	1.524638	0.735609	1.505141	1.248518	0	0	0	0.849751	1.330691	1.733545	0.627675	0	0	1.366294	3.708435	2.215114	1.112075	1.028237	1.109524	1.447882	0.716989	1.005495	0.654253	0.935907	0.557227	0.44573	2.062427	0.527044	1.404566	0.822896	1.118833	1.729346	0	0.596075	1.046552	0.928581	1.383921	0.723268	0.610454	0.31929	0.683245	1.484349	0.973799	1.25654	1.122582	0.681162	0.69908	0.635464	0.55916	1.405679	0.969314	0.617131	0.779408	2.611399	1.578755	0.742639	0.569224	0.731674
"Eggerthellaceae"	0.086298	0.453575	0.17725	0.403134	0.462492	1.124141	0.362329	0.694897	1.631579	0.581571	1.785082	1.414361	1.272283	0.831752	1.004786	2.226843	0.582466	1.617859	1.323543	0.472829	0.798956	0.426757	0.971435	0.240368	0.674272	0.878712	0.423299	1.463681	0.982761	0.67734	1.727781	2.031061	1.358455	1.017645	1.574554	1.205199	2.420939	1.655475	1.00023	1.72711	0.498044	0.585708	1.136741	3.162266	0	3.347931	0.860507	0.693262	0.394226	0.57269	1.349427	2.785076	1.460208	0.991614	1.147999	2.803209	0.949931	1.644762	0.070697	0.61095	1.8863	1.773794	0.482561	3.178415	0.375352	0.525925	1.473437	0.8037	0.531007	0.619393	0.772733	2.09745	1.240582	0.467517	0.215057	0.648771	1.252248	0.674891	1.215721	0.923662	1.076622	1.595885	0.924378	1.955097	0.264141	1.868713	1.232516	1.194999	1.611082	0.304593	0.626367	0.371427	0.278959	0.034321	0.285793	1.630173	0.570754
"QAMH01"	0	0	0	0.6661	0.353433	0	0	0.074634	0	0	0	0	0	0	0	0	0	0	0	0	0.569963	0	0	0	0	0	0	0	0	0	0	0	0	0	0	0	0	0	0	0	0	0	0.098906	0	0	0	0	0	0	0	0	0	0	0	0.166363	0	0.19763	0	0	0	0	0	0	0	0.729377	0	0.737621	0	0	0	0	0	0	0	0	0	0	0	0	0	0	0	0.816981	0	0	0	0	0	0	0	0.983714	0	0	0	0	0	0
"Bacteroidaceae"	30.040619	23.503248	23.473404	14.415785	13.73407	12.480556	20.54306	12.377723	22.601364	16.480789	12.856637	20.509424	17.528784	18.823156	17.054548	15.454169	10.078754	15.781275	25.697193	24.773335	12.924393	17.677692	17.669155	12.132535	15.327191	16.045147	26.034681	21.852892	12.700189	15.856791	14.755636	26.222786	17.835827	16.366383	20.178488	22.192074	19.53318	16.424101	14.584774	15.051228	11.901888	15.674949	13.957253	8.836414	7.554291	17.75898	19.655136	19.771456	18.506565	17.684031	25.322418	15.225495	16.806023	24.604429	16.617952	18.886684	17.667402	18.02	17.561224	17.898626	15.47027	21.07852	15.506437	18.914946	16.875195	13.67994	15.287287	13.462616	15.443728	17.225235	20.844095	19.945564	13.75723	15.155696	24.238131	9.436761	15.71382	12.407478	19.162027	21.250826	19.496637	22.109821	15.830252	14.693174	16.386105	16.223705	17.468164	17.630335	16.816406	14.543068	8.851698	21.863503	16.158724	21.390421	5.496934	18.229435	19.117075
"Barnesiellaceae"	0.038685	0	0.500848	0	0.745239	0.528499	0.814158	0.034781	0	0	0	1.294581	0	1.215333	0	0	0	0	0.271006	0	0.112537	0.804461	0	1.411716	0.870488	0	0	1.883685	0.254083	0	0	0	0	0.052816	1.305767	0.975938	0	0	1.443497	0	1.293235	0.651913	0.663212	0	0	0	0	1.433051	0	0.190333	1.002858	0	0.820231	0	0.88145	0	0	0.945714	0	1.112597	0	0	1.178699	0	0	0	0.434992	0	0.845159	0	0	0	0	1.063708	0	0	1.127782	0.057654	0	0.816259	0	0	0	0	0	0	0.824183	0	0.19286	0.443427	0.057152	0	0	0	0.656056	0.892587	1.146264
"Coprobacteraceae"	0.132423	0.52038	0.265875	0	0	0.132291	0	0.518093	0	0	0	0	0	0.061953	0	0.690226	0.036722	0	0	0	0.080064	0	0.781356	0	0	0	0	0.166637	0	0	0	0	0	0.485762	0	0	0	0	0.535454	0.881444	0.301729	0.577601	0	0	0	0	0	0.130277	0	0	0	0	0.15829	0.025296	0.823545	0.929681	0	0.301905	0	0	0	0	0.308275	0.299125	0.690278	0	0.645569	0	0	0.106867	0	0.86014	0.034461	0	0.782709	0	0.712643	0	0	0	0	0	0	0.257763	0.753355	0.714376	0.708112	1.151059	0	0	0	0	0	2.878655	0	0	0.646854
"Marinifilaceae"	3.996489	2.795285	1.624405	3.694097	1.494517	2.431761	0.249733	2.068026	0	1.062076	0	3.378443	4.749966	0.891068	0.847912	2.100877	1.870558	0	3.216085	3.337103	2.171795	3.309407	5.455966	4.477643	3.275925	3.179379	3.636283	3.05502	1.866126	3.728888	0	1.01003	0.121	1.463237	4.014747	2.297871	0	2.4421	1.959745	2.848431	3.076876	1.201816	2.784947	0	0	0	0	3.51749	2.744867	3.025023	2.145141	0	2.003242	0.0683	2.277615	3.041384	0.934083	0.747619	0.916238	2.304317	1.576025	3.733703	3.040438	1.632367	2.811585	0.630874	1.563083	0	1.496549	2.712389	3.466354	3.33476	0	1.917248	2.453988	0.396211	2.528024	1.50833	0	2.847819	3.624441	2.763298	0.705749	3.292369	2.638865	0.370684	2.072565	3.86587	0.711071	0.033657	1.470376	0	0.491558	0.032176	0.964374	2.021237	3.541843
"Muribaculaceae"	0.20533	0.176683	0.040231	0.819446	0	0	0	0.615191	0	0	0	0	0	0	0	0	0	0	0	0	0.547568	0	0	0.203497	0	0	0	0	0	0	0	0	0.98732	0	0	0.872876	0	0	0	0	0	0	0.05284	0.05582	0	0	0	0	0	0	0	0	0	0	0	0	0	0	0	0	0	0	0	0	0	0.069573	0.909091	0.74599	0	0	0	0	0	0	0	0.186839	0	0	0	0	0	0	0.720324	0.631957	0	0	0	0	0	0	0	0	1.102318	0	0.066873	1.063621	0
"Rikenellaceae"	6.241724	4.625405	2.297256	2.953721	4.708401	2.73357	0	3.682449	0.797271	1.676448	1.100379	2.676418	2.720641	2.766793	1.407891	1.774745	3.578975	0.03573	3.890788	2.910094	3.985264	5.044229	2.5935	3.443141	2.400978	4.889187	4.416185	1.860297	2.490801	0.034307	0.145771	2.33607	1.137808	3.993216	4.681435	4.411703	0.084172	0	2.074979	3.124085	5.591542	5.336225	5.336856	0	0	0	2.757759	2.993588	1.277294	4.220312	3.043431	0	3.411948	0	2.766595	1.213897	1.691044	3.145714	3.874215	2.767627	2.630816	0.619119	2.096472	6.144879	2.002588	0.945721	5.25901	0.10269	1.684546	4.524042	2.794317	2.447968	0.920191	2.50772	3.354228	0	5.778557	2.557972	4.790274	4.733146	2.673706	0	3.589346	5.80943	2.781553	0	3.750157	5.133242	3.74508	1.361414	1.993985	3.296859	2.162853	0.21236	0.688437	5.432129	4.625483
"Tannerellaceae"	2.815099	2.717931	3.081471	2.440368	4.035195	4.178799	2.04117	0.849238	3.016569	3.520452	5.026549	3.504569	4.147091	5.985711	3.182152	4.678872	3.422483	3.119953	3.633276	4.379277	2.819582	2.38722	3.404156	2.330644	4.521008	6.345771	3.710093	4.010992	3.124691	2.970619	2.462286	2.66308	1.306598	2.878865	4.125997	2.158001	3.026173	4.73802	3.024506	2.607741	3.963731	2.755597	3.656132	2.031496	2.147824	3.790336	4.867656	2.930311	4.050545	4.591673	5.065081	5.383234	4.110243	5.360282	4.408169	4.504082	1.602483	4.902857	2.446129	4.314986	3.787824	3.513403	4.514316	5.285964	4.655643	1.367876	1.706275	3.954001	1.93933	3.564418	4.139486	2.287246	3.066062	2.980241	2.822419	0.040372	2.783027	3.651702	4.106082	2.27115	4.318703	1.878859	3.294773	5.600797	3.451673	4.513883	4.485825	5.522672	1.969362	1.936944	2.644598	4.231912	3.701428	0.135138	1.439523	3.194427	4.344862
"UBA11471"	0	0	0.939309	1.062045	0	0	0	0	0	0	0	0	1.52463	0	0	0	1.062676	0	0	0	0	0	0	0	0	0	0	0	0.044761	0	0	0	0	0	0	0	0	0	0	0	0	0	0	0	0	0	0	0	0	0.140423	0	0	0	0	0	0	0	0	0	0	0	0	0	0	0	0	1.043259	0	0	0.549602	0	0	0	0	0	0	0	0	0	0	0	0	0	0.203249	0.435706	0	1.380318	0	0	0	0	0	0	0	0.957335	0	0
"UBA932"	0	0	0	0	0	0	0	0	0	0	0	0	0	0	0	0	0	0	0	0	0	0	0	0	0	0	0	0	0	0.674701	0	0	0	0	0	0	0	0	0	0	0	0	0	0	0	0	0	0	0	0	0	0	0	0	0	0	0	0	0	0	0	0	0	0	0	0	0	0	0	0	0	0	0	0	0	1.094743	0	0	0	0.229676	0	0	0	0	0	0	0	0	0	0	0	0	0	0	0.195691	0	0
"UBA1820"	0	0	0	0	0.253799	0	0	0	0.293372	0	0	0	0	0	0	0	0	0	0	0	0.445669	0	0	0	0	0	0	0	0	0	0	0	0	0	0	0	0	0	0	0	0	0	0.735698	0	0	0	0	0	0	0	0	0	0	0	0	0	0	0	0	0	0	0	0	0.396554	0	0	0	0	0	0	0	0	0	0	0	0	0	0	0	0	0	0	0	0.060571	0	0	0	0	0	0	0	0	0	0	0	0	0
"Gastranaerophilaceae"	0.083322	0.057136	0.030319	0	0	0.047864	0	0	0.045809	0	0.031353	0	0.041382	0	0	0	1.883552	0	0.039358	0	0	0.044965	0	0.123375	0	0	0.034682	0.041903	0	0	0	0	0	0.037195	0	0.043118	0	0	0	0.038218	0	0	0	0.037213	0	0.046333	0	0.038153	0	0	0.042823	0	0	0.044268	0.055148	0	0	0.03619	0	0.035075	0	0.040831	0.033245	0	0.041943	0.043631	0.311654	0.035645	0	0.033441	0	0.055727	0.057745	0	0	0.841243	0.047813	0	0	0	0	0.053845	0.042959	0	0.043316	0	0.035072	0	0.034495	0	0	0.043628	0.03318	0.064351	2.633376	0.03296	0.030916
"Desulfovibrionaceae"	1.172462	1.535649	0.465865	1.07762	0.284766	1.058328	0.083725	0.33042	1.624756	0.455682	2.578002	3.153954	1.20088	1.144153	1.385055	1.960243	0.614668	0	0	0.948583	2.144921	0.541212	1.138225	0.694868	1.046191	1.326725	0.808359	2.243271	1.070965	1.186664	0.115261	1.301039	1.027993	0.878537	0.607409	1.337708	1.972023	1.344845	1.034801	0.756221	0.748594	0.9397	3.43732	1.270319	0	0.164407	0.091015	1.873203	1.077552	0.958431	1.598399	1.693683	3.09461	0.027826	1.100204	1.488375	1.380615	1.600952	0.848368	0.944566	1.19543	1.18886	1.331829	2.099002	1.387665	1.656781	0.573973	0	0.102244	0.559053	1.747953	0.169605	0.711565	0.241622	0.961923	0.733271	0.760456	0.951291	0.538976	0.381692	0.151253	0.064156	1.435278	1.30093	1.27824	1.181329	1.377813	1.353529	0.918043	0	0.901738	1.411423	0.469437	0.398979	0.257636	1.51526	1.908854
"Anaeroplasmataceae"	0	0	0	0	0	0	0	0	0	0	0	0	0	0	0	0	0	0	0	0	0	0	0	0	0	0	0	0	0	0	0	0	0	0	0	0	0	0	0	0	0	0	0	0	0	0	0	0	0	0	0	0	0	0	0	0	0	0	0	0	0	0	0	0	0	0	0	0	0	0	0	0	0	0	0	0	0	0	0	0	0	0	0	0	0	0	0	0	0	0	0	0	0	0	0.114739	0	0
"Erysipelatoclostridiaceae"	1.02516	1.659591	1.434327	0.580441	0.524427	1.348171	0	0.977494	0.815789	0.803206	1.041719	0.275257	1.448358	0.067226	0.504379	0	0.879066	2.196687	0.420565	0.10334	0.713854	0.078484	0.708479	0.066651	1.491246	1.160073	0.728324	0.23875	1.627183	0.802252	0.213571	0.436013	0.610085	2.643051	0.457181	0.584722	2.404906	1.041524	1.067834	0.834282	0.579779	2.16516	1.509332	3.831256	3.022907	2.467604	1.295725	0.754678	0.237587	0.740183	0.664257	1.586725	0.073465	1.773269	1.329988	2.290556	0.584501	0.421905	0.446807	1.375249	2.840324	1.280018	0.152123	1.332388	1.58316	1.11081	0.83569	1.98082	1.569934	0.862207	0.303183	0.67519	1.358865	1.138053	1.509569	0.907905	0.372639	1.192081	1.496844	1.023629	0.201045	1.937287	0.642845	0.335159	0.783931	2.13413	0.946933	0.04394	1.012904	1.218373	0.963509	1.917272	1.72168	0.030031	0.511752	0.031178	0.77131
"Erysipelotrichaceae"	0.055052	0.155587	0.225061	0.137173	0.10704	1.898608	0.053411	0.492732	0.72807	1.21722	0.816182	5.677275	1.297437	0.179268	0.131059	1.357158	0.120335	0.838943	4.049343	0.132587	0.667943	0.829804	0.706225	0.18648	0.13646	1.154662	0.340596	0.528172	0.559509	0.328994	3.915475	1.602048	0.813446	0.427738	1.900184	0.439593	0.235146	0.811292	0.19052	0.075622	0.262008	1.368003	1.499848	3.547083	0.083341	4.642265	0.096807	0.16843	0.063076	0.34852	0.224075	2.425778	0.070435	0.331381	0.049633	1.069576	1.295784	0.105714	0.093321	0.123984	0.513259	0.372231	0.232717	0.28716	0.147866	0.064856	0.45605	0.331834	0.673653	0.274801	1.346263	0.475702	0.758133	0.372441	0.064184	0.408416	0.573757	0.310314	0.142424	0.086748	0.190711	0.585425	0.944323	0.848667	0.042466	1.532219	1.155693	0.178345	0.60445	0.498119	0.894811	0.714555	0.090938	0.049336	0.345626	0.333161	0.328183
"Turicibacteraceae"	0	0	0	0	0	0	1.85784	0	0	0	0	0	0	0	0	0	0	0	0	0	0	0	0	0	0	0	0	0	0	0	0	0	0	0	0.928167	0	0	0	0	0	0	0	0	0	0.600057	0	0	0	0	0	0	0	0	0	0	0	0	0	0	0	0	0	0	0	0	0	0	0.260545	0	0	0	0.066227	0	0.538288	0	0	0	0	0.638579	0	0	0	0	0	0	0.139456	0	0	0	1.587756	0	0	0	0	0	0	0
"Carnobacteriaceae"	0	0	0	0	0	0	0	0	0	0	0	0	0	0	0	0	0	0	0	0	0	0	0	0	0	0	0	0	0	0	0	0	0	0	0	0	0.080164	0	0	0	0	0	0	0	0.090485	0	0	0	0	0	0	0	0	0	0	0	0	0	0	0	0	0	0	0	0	0	0	0	0	0	0	0	0	0	0	0	0	0	0	0	0	0	0	0	0	0	0	0	0	0	0	0	0	0	0	0	0
"Enterococcaceae"	0	0	0	0	0	0	0	0	0	0	0	0.426767	0	0	0	0	0.733873	0	0	0	0	0	0	0	0	0	0	0	0	1.268473	0	0	0	0	1.335001	0	0	0	0	0	0	0.085796	0.067066	0	0.148824	1.515537	0	0	0.07464	0	0	0.103843	0	0	0	0	0	0	0	0	0.052921	0	0	0	0	0.139146	0	0	0	0	0	0	0	0.398176	0	0	0	1.156471	0.086571	0	0	0.030932	0.174903	0	0	0	0	0	0.997225	0	0	0	0	0	0	0	0
"Lactobacillaceae"	0	0	0	1.336991	0.840161	0.547113	0	0.039129	0	1.85021	0	0.150717	0	0.28472	0.124109	0.4961	0.273437	0.034301	0	0.182307	0.240751	0	0.578504	0.713303	0	1.561553	0	0	0.656271	3.268825	2.256625	0.041001	0	0.036451	1.125493	1.482837	0	0	0.195129	1.292893	0.78908	0	0.588016	0	0	0	0.227538	0	3.286272	0.032991	0.458108	0	0.743737	0.107509	0	0	0.080171	0	0.820089	0.206369	0	0	0.991316	0.521332	0.048341	2.807684	0	0	0.224276	0.587406	0.81542	0	0.030735	1.497627	0.592658	1.08911	0	0	0	0	0	0	0.078246	0.43813	0	0.988789	0.364077	0	1.633034	0	0.615976	1.515187	0.087251	0	0.83626	0	0
"Streptococcaceae"	0.087786	0.467639	0	0.796085	0.110406	2.016274	0.893553	2.93393	0.124756	4.246529	0.231606	5.38774	0.509562	1.179743	1.951985	0	0.491509	0.172934	0.040482	0.88034	0	0.062133	0.030803	0	0.10346	1.056186	0.111161	3.350289	0	4.481879	0.091531	2.121064	0.163706	0.504359	1.620028	0	0.054778	0.602074	1.246831	3.296471	0.476656	0.437761	0	0.501531	6.666111	0.605318	0.09267	0	3.819266	0.057523	0.059753	1.067508	0.982308	2.377851	0	0.522392	0.096018	0.941905	0.311068	0.716989	0.661147	0.226947	0.645766	0.547826	0.083175	7.770951	0.046929	0.277518	1.052944	0.043619	0	1.137162	0.675241	1.940124	0	3.944268	0.066787	0.051719	0	0.826999	1.288001	0.556784	0.475613	0	0.029727	0.644198	0.384118	2.30815	0.033711	0.230549	1.022393	1.339496	0.613218	0.341063	0	0	0.080857
"CAG-313"	0	0	0	0.360005	0	0	0	0	0	0	0	0	0	0	0	0	0.090957	0	0	0	0	0	0	0	0	0	0	0	0	0	0	0	0	0	0	0	0	0	0	0	0	0	0	0	0	0	0	0	0	0	0	0	0	0	0	0	0	0	0	0	0	0	0	0	0	0	0.168462	0	0	0	0	0	0	0	0	0	1.005593	0	0	0	0	0	0	0	0	0	0	0	0	0	0.086017	0	0	0	0.190059	0	0
"Paenibacillaceae"	0	0	0	0	0	0	0	0	0	0	0	0	0	0	0	0	0	0	0	0	0.035833	0	0	0	0	0	0	0	0	0	0	0	0	0	0	0	0	0	0	0	0	0	0	0	0	0	0	0	0	0	0	0	0	0	0	0	0	0	0	0	0	0	0	0	0	0	0.048734	0	0	0	0	0	0	0	0	0	0	0	0	0	0	0	0	0	0	0	0	0	0	0	0	0	0	0	0	0	0
"CAG-1000"	0	0	0	0	0	0	0	0.077533	0	0	0	0	0	0	0	0	0	0	0	0	0	0	0	0.373669	0	0	0	0	0	0	0	0	0	0.044634	0	0	0	0	0	0	0	0	0	0	0	0	0	0	0	0	0	0.028038	0.037111	0	0	0	0	0	0	0	0	0	0.04332	0	0	0	0	0	0	0	0	0	0	0	0	0	0.032634	0	0	0	0	0	0	0	0	0	0	0	0	0	0.882687	0	0.031951	0	2.249738	0	0
"CAG-302"	0	0	0.121859	0.536713	0	0.559079	0	0.98474	0	0	0	0	0	0	0	0	0.557043	0	0	0	0	1.154368	0	0	0	0	0	0	0	0	0	0	0	0	0	0	0	0	0	0.308993	0.37888	0	0.345493	0	0	0	0	0	0	0	0	0	0	0	0	0	0	0	0	0	0	0	0	0	0	0	0.567355	0	0	0	0	0	0	0	0	0	0.354424	0	0	0	0	0	0	0.302182	0.270087	0	0	0	0.396695	0	0.61309	0	0	0	1.124165	0	0
"CAG-433"	0	0	0	0	0	0	0	0	0	0	0	0	0	0	0	0	0	0	0	0	0	0	0	0	0	0	0	0	0	0	0	0	0	0	0	0	0	0	0	0	0	0	0	0	0	0	0	0	0	0	0	0	0	0	0	0	0	0	0	0	0	0	0	0	0	0	0.391673	0	0	0	0	0	0	0	0	1.288154	0	0	0	0	0	0	0	0	0	0	0	0	0	0	0	0	0	0	0.871457	0	0
"CAG-611"	0	0	0	0.442669	0	0	0	0	0	0	0	0	0	0	0	0	0.35592	0	0	0	0.063267	0	0	0.789171	0	0	0	0	0	0	0	0	0	0	0	0	0	0	0	0	0	0	0	0	0	0	0	0	0	0	0	0	0	0	0	0	0	0	0	0	0	0	0	0	0	0	0	0	0	0	0	0	0	0	0	0	0	0	0	0	0	0	0	0.518218	0	0	0	0	0.569955	0	0.232651	0	0	0	1.138947	0	0
"CAG-822"	0	0	0	0	0	0	0	0	0	0	0	0	0	0	0	0	0	0	0	0	0	0	0	0	0	0	0	0	0	0	0	0	0	0	0	0	0	0	0	0	0	0	0	0	0	0	0	0	0	0	0	0	0	0	0	0	0	0	0	0	0	0	0	0	0	0	0	0	0	0	0	0	0	0	0	0	0	0	0	0	0	0	0	0	0	0	0	0	0	0	0	0	0	0	0.537797	0	0
"UBA5348"	0	0	0	0	0	0	0	0	0	0	0	0	0	0	0	0	0	0	0	0	0	0	0	0	0	0	0	0	0	0	0	0	0	0	0	0	0	0	0	0	0	0	0	0	0	0	0	0	0	0	0	0	0	0	0	0	0	0	0	0	0	0	0	0	0	0	0	0	0	0	0	0	0	0	0	0	0	0	0	0	0	0	0	0	0	0	0	0	0	0	0.214755	0	0	0	0.531462	0	0
"CAG-288"	0	0	0	0	0	0	0	0	0	0	0	0	0	0	0	0	0	0	0	0	0	0	0	0	0	0	0	0	0	0	0	0	0	1.533163	0	0	0	0	0	0	0	0	0	0	0	0	0	0	0	0	0	0	0	0	0	0	0	0	0	0	0	0	0	0	0	0	0.962638	0	0	0	0	0	0	0	0	0.381188	0	0	0	0	0	0	0	0	0	0	0	0	0	0	0	0	0	0	0.468109	0	0
"CAG-449"	0	0	0	0	0	0	0	0	0	0	0	0	0	0	0	0	0	0	0	0	0	0	0	0	0	0	0	0	0	0	0	0	0	0	0	0	0	0	0	0	0	0	0	0	0	0	0	0	0	0	0	0	0	0	0	0	0	0	0	0	0	0	0	0	0	0	0	0	0	0	0	0	0	0	0	0	0	0	0	0	0	0	0	0	0	0	0	0	0	0	0	0	0	0	0.072504	0	0
"CAG-826"	0	0	0	0	0	0	0	0	0	0	0	0	0	0	0	0	0	0	0	0	0	0	0	0	0	0	0	0	0	0	0	0	0	0	0	0	0	0	0	0	0	0	0	0	0	0	0	0	0	0	0	0	0	0	0	0	0	0	0	0	0	0	0	0	0	0	0	0	0	0	0	0	0	0	0	0	0	0	0	0	0	0	0	0	0	0	0	0	0	0	0	0	0	0	0.931994	0	0
"Gemellaceae"	0	0	0	0	0	0	0	0	0	0.041667	0	0	0	0	0	0	0	0	0	0	0	0	0	0	0	0	0	0	0	0	0	0	0	0	0	0	0	0	0	0	0	0	0	0	0	0	0	0	0	0	0	0	0	0	0	0	0	0	0	0	0	0	0	0	0	0	0	0	0	0	0	0	0	0	0	0	0	0	0	0	0	0	0	0	0	0	0	0	0	0	0	0	0	0	0	0	0
"Clostridiaceae"	0	0	0.051309	0	1.49317	0.100382	7.187401	0.173905	0	0	0	0	0	0	0	0.066434	0	0	0	0	0.04647	0	0	0	0	0	0	0	0.184309	0.193526	0	2.559077	0	0	1.693112	0	0	0.238454	0.048398	0	0	0	0	0.216512	5.63387	0	0	0	0	0	0	0.060229	0	0	0	0	0	0	0.740908	0	0.172536	0.161427	0.045335	0	0.066824	0	0.093256	2.305016	0.288591	0	0	0.071073	0	2.727897	0	0	0	0	0.123806	0	0	0	0	0	0	0	0	0	0	2.610079	0.039834	0	0	0	0.049979	0	0.042014
"Anaerofustaceae"	0	0	0	0	0	0	0	0	0.182261	0	0	0	0	0	0	0	0	0	0	0	0	0	0	0	0	0	0	0	0	0	0	0	0	0	0	0	0	0	0	0	0	0	0	0	0	0	0	0	0	0	0	0	0	0	0	0	0	0	0	0	0	0	0	0	0	0	0	0	0	0	0	0	0	0	0	0	0	0	0	0	0	0	0	0	0	0	0	0	0	0	0	0	0	0	0	0	0
"Eubacteriaceae"	0	0	0	0	0	0	0	0	0.050682	0	0	0.306194	0	0	0.149924	0	0	0	2.449172	0	0	0	0.712236	0	0	0.0303	0	2.235475	0	1.032723	0	0	0	0	0	0	0	0	0	0	0	0	1.854148	0.086267	0	0	0	0	0	0	0	0.101766	0	0	0	0	0.954592	0	0	0	0	0	0.914751	0	0	0	0.093256	0	0	0	2.710039	0	0	0	0	0	0	0	0	0	0	0	0	0.0424	0	2.096342	0.077659	1.243247	0	0	0.166839	0.580134	0	0	0	0	0
"Anaerotignaceae"	0.071419	0.408744	0.206986	0.15155	0.286786	0.719955	0.301701	1.101401	0.092593	1.018635	0	0.843222	0.950967	0	0	0.566848	0.055365	0	0.36434	0.294422	0.053749	0.288592	0.984208	0.919636	1.058678	0	1.085816	1.184977	0.947874	0	1.47805	0.113003	1.189665	0.721576	0.104754	0	0.716128	0.082226	0.219713	1.068466	0.155066	0.059449	0.101616	0.906646	0	0.031387	0.497274	0.45411	0	0	0	1.207697	0.755097	0	0.062501	0.812807	0.361701	0.904762	0	0.637867	0.823535	0.047478	0	1.707576	0.929849	0.699268	0	0.162947	1.027383	0.214461	0	0.190604	0.96676	0.07506	0.403441	0.128628	0.730858	0.761372	0.027926	0.966623	0.892488	0	0.622133	0.703296	0.655682	0.705379	0.683061	0.087019	0.093294	0	0.232073	1.227479	1.479588	0	0	0.127385	0.376539
"CAG-274"	0.316922	0.339302	0.184247	0	0	0.569051	0	0	0	0.797886	0.22756	0	0.653181	0	0	0.301974	0	1.100487	0	0	0	0	0	0	0.307703	0	0	0	0	0	0.262162	0	0	0	0	0	0	0.286876	0.248905	0	0	0.199289	0	0	0	0	0.730603	0	0	0.393354	0.236025	0	0.59605	0	0	0	0.893065	0	0.367626	0	0	0	0	0	0.373219	0	0	0	0	0.167207	0	0	0.203038	0	0.180882	0	0	0.22129	0	0	0	0	0.258519	0	0	0	0	0	0.775358	0	0	0.346665	0	0	0	0	0
"Lachnospiraceae"	26.945795	33.552208	36.433655	30.598652	39.685478	39.95586	38.468979	40.69968	35.27388	32.476639	40.845512	29.582594	37.825272	28.075239	42.190075	38.374863	27.340317	55.275909	33.818371	36.418587	27.926521	42.972416	30.219681	38.018494	43.689407	31.422604	37.921741	29.932371	43.12627	29.836382	47.92926	42.737282	47.898766	40.467014	29.84425	39.40876	43.58625	39.256317	40.692173	35.425274	40.598263	39.642361	30.320766	44.615944	46.02224	46.58556	41.816498	41.338879	35.969219	41.141491	43.233444	48.923664	39.219608	38.600864	37.466682	39.984241	40.23175	35.898094	41.86132	38.856079	38.921432	43.947926	36.626301	36.562458	42.310261	29.778427	27.2258	51.255199	43.487331	33.509022	36.934677	38.751545	50.617031	42.670567	42.677216	44.953011	36.894272	46.469116	39.54443	37.217449	38.826988	50.960625	31.484066	27.168777	43.106846	45.549099	37.507412	31.46114	36.116467	50.830902	41.224216	29.75309	43.416817	48.053368	32.22348	34.630047	35.702225
"Monoglobaceae"	0	0	0	0	0	0	0	0	0	0	0	0	0	0	0	0	0.036722	0	0	0	0	0	0	0	0	0	0	0	0	0	0	0	0	0	0	0	0	0	0	0	0	0	0	0	0	0	0	0	0	0	0	0	0	0	0	0	0.277801	0	0	0	0.523408	0	0	0	0	0	0	0	0.237469	0	0.805569	0	0	0	0	0	0	0	0	0	0.042276	0	0	0	0	0.624404	0	0	0	0	0	0	0	0	0	0	0
"UBA1381"	0	0.049225	0.499682	0.348624	0.59646	0.54113	0.197765	0.912279	0.770955	0.695048	0.68976	0	0.644256	0	0.155881	0.704031	0.453657	1.227687	0	0.593718	0.517334	0.529767	0.379408	0.668633	0.159649	0.412302	0.520231	0.676295	0.539761	0.461823	0.680264	0	0	0.606273	0.495347	0	0	0.658718	0.924176	0.446414	0.780677	0.671504	0	0.508297	0.675064	0.799617	0.451766	0.587179	0.85258	0.772328	0.506906	0.760132	1.086067	0	0.620416	0.747286	0.637637	0.912381	0.64476	0.066886	0.114541	0.573539	1.105156	0.593976	0.474877	0	0.365802	0.800306	0.676951	0.688457	0	0.682459	0.740437	0.441782	0.405942	0	0.607151	0.579931	0.502672	0.538665	0.710233	0	0.778625	0.371502	0.566502	0	0.379942	0.447156	0.569955	0.891903	0.303658	0.642628	1.0888	0	0.054906	0.693937	0.319463
"UBA9506"	0	0	0	0	0	0	0	0	0	0	0	0	0	0	0	0	0.381343	0	0	0	0	0	0	0	0	0	0	0	0	0	0	0	0	0	0	0	0	0	0	0	0	0	0	0	0	0	0	0	0	0	0	0	0	0	0	0	0	0	0	0	0	0	0	0	0	0	0	0	0	0	0	0	0	0	0	0	0	0	0	0	0	0	0	0	0	0	0	0	0	0	0.064657	0	0	0	0	0	0
"Acutalibacteraceae"	2.889494	2.266994	3.084386	3.2083	2.539332	3.268717	0.06929	1.981073	3.953216	3.471693	3.97775	2.110039	1.303117	1.26015	1.385055	3.206102	6.456278	2.552559	3.103634	0.117964	6.501948	2.910447	4.777539	2.532723	0.929353	1.41438	1.598933	1.231753	2.910103	0.584096	1.205718	1.481044	2.35391	4.434344	3.129618	1.033779	0.631956	0.742771	2.331566	1.398601	3.184582	2.906922	1.76879	6.200206	0.029765	0.052311	2.278688	1.083163	1.10068	2.481094	1.748778	1.267926	2.37511	0	3.736282	1.115617	3.124796	2.497143	3.959052	4.090672	3.131026	0.803335	2.724104	1.645187	4.519862	6.176668	2.544973	0.92591	1.991276	3.851578	0.258307	0.671959	0.771172	2.466259	1.656275	3.215691	4.554389	1.825427	0.887122	3.265036	4.345947	0.038952	3.883152	3.148345	2.547138	0.059381	2.701349	4.346627	2.718065	1.889825	4.18425	2.923073	2.787131	1.677428	4.093312	2.36776	2.504182
"Butyricicoccaceae"	1.044503	1.332595	0.675766	0.835021	1.321503	0.896786	1.97621	1.526021	2.331384	1.870601	1.317826	0.260979	1.688534	2.652114	1.726603	1.690192	0.977933	2.122369	0.87599	1.546201	0.6825	1.621184	0.781356	0.967852	1.228137	2.027963	1.272566	1.953848	1.265148	1.356439	2.211424	2.019061	1.252707	1.295861	1.170968	1.50387	1.499058	1.320177	1.037105	1.217271	1.261916	1.319363	0.799377	1.098632	1.582294	0.150956	1.70943	1.218094	1.494907	0.835772	1.935008	2.057135	1.198915	0.528692	1.417305	3.439819	1.512058	1.978095	1.331938	1.134621	1.286048	1.788987	1.454736	1.406741	1.462308	1.128498	0.151615	1.767801	2.110835	1.245329	0.64358	1.596711	2.159841	0.912873	1.177814	1.09756	1.419974	1.68214	2.317875	1.226867	0.953553	2.064454	1.134568	1.358809	1.826057	1.633887	0.820008	1.349221	1.272402	1.22258	0.927139	1.800538	1.960086	1.362106	0.438544	1.818133	1.511704
"CAG-272"	0	0	0.227393	1.689808	0	0	0	0.046375	0	0	0	0	0	0	0	0	1.063241	0	0	0	1.184157	0	0	3.255243	0	0	0.143175	0	0.042128	0	0	0	0	0.052072	0	0	0	0	0	0.037404	0	0	0	0	0	0	0	0	0	0.04568	0	0	0	0	0	0	0	0	0	0.030996	0	0	0	0	0.050473	0.042451	5.281872	0	0	0	0	0	0	0	0	0.372738	0.211744	0	0	0	0	0	0.042192	0.150754	1.777646	0	0	0	0	0	0.099295	0	0	0	4.437531	0.032069	0.043599
"CAG-382"	0	0	0	0.118005	0	0	0	0.25796	0	0	0	0	0	0	0	0	0.043501	0	0	0	0.077264	0	0	0.058851	0	0	0	0	0	0	0	0	0	0	0	0	0	0	0	0	0	0	0	0.036367	0	0	0	0	0	0	0	0	0	0	0	0	0	0	0	0	0	0	0	0	0	0	1.300764	0	0	0	0	0	0	0	0	0	0.3863	0	0	0	0	0	0	0.043746	0	0	0	0	0	0	0.114305	0	0	0	0.587072	0	0
"Oscillospiraceae"	7.082385	7.082267	4.277327	7.387596	6.022499	8.65143	0.958513	7.070707	10.543859	7.625135	4.317573	4.469952	4.702093	4.196984	4.348776	5.661582	8.714959	3.452958	6.206144	6.509447	11.571711	4.015762	6.492013	7.255697	2.6516	4.669509	3.084037	4.946501	4.454348	4.170478	1.48935	1.122034	5.101325	5.38132	6.437887	4.968029	3.40695	5.452469	6.731966	4.329159	6.701448	3.240647	6.16333	6.015832	0.107153	1.809975	1.553877	8.316351	3.312553	4.79977	4.242478	3.607514	5.419734	0.091067	7.47716	5.533814	5.459071	1.506667	3.362366	4.296225	4.0952	3.935012	6.934174	2.564782	7.082634	5.230947	8.436917	1.322244	7.251874	4.26378	6.23112	7.410937	1.361659	2.263954	3.207522	5.334761	7.63492	5.073551	6.756279	7.135658	6.400548	3.499949	6.85727	9.569542	3.111942	3.413528	5.193102	8.951726	8.752372	1.128341	6.399917	6.500566	6.505764	4.697656	8.003604	9.577045	8.730152
"QAMX01"	0	0	0	0	0	0	0	0	0	0	0	0	0	0	0	0	0	0	0	0	0	0	0	0	0	0	0	0	0	0	0	0	0	0	0	0	0	0	0	0	0	0	0	0	0	0	0	0	0	0	0	0	0	0	0	0	0	0	0	0	0	0	0	0	0	0	0.048734	0	0	0	0	0	0	0	0	0	0	0	0	0	0	0	0	0	0	0	0	0	0	0	0	0	0	0	0	0	0
"Ruminococcaceae"	5.222515	4.759017	6.318619	7.252219	7.347367	6.792709	5.847793	8.815558	5.064328	5.03821	6.88445	4.967318	6.904246	8.9265	1.507178	8.004038	8.727387	2.365333	3.965005	4.780939	7.754412	6.698115	5.658067	6.365132	6.685634	3.86222	4.929302	4.54696	6.37445	6.159395	3.834115	2.355071	9.643406	6.067188	4.350121	2.292613	4.622764	6.862181	6.764999	5.68629	5.976534	5.770608	6.001422	5.526988	1.643014	0.100139	7.740425	6.78373	4.350157	7.608236	1.824465	3.921121	4.620709	0.552724	5.183	5.965009	4.772026	4.762857	4.926192	7.752292	7.068188	1.87065	4.128468	4.363804	5.238576	6.824051	4.968413	7.572774	6.766217	6.83368	2.504269	8.520639	9.277352	6.059133	2.514837	8.108235	5.381632	7.772267	8.198201	6.110377	4.202209	3.628261	8.922352	7.47244	5.508748	4.58676	6.772995	6.08614	7.09817	7.658586	9.090699	6.415668	6.129722	5.229628	8.454115	3.458105	7.076552
"UBA644"	0	0	0	0	0	0	0	0	0	0	0	0	0	0	0	0	0.063275	0	0	0	0	0	0	0	0	0	0	0	0	0	0	0	0	0	0	0	0	0	0	0	0	0	0	0	0	0	0	0	0	0	0	0	0	0	0	0	0	0	0	0	0	0	0	0	0	0	0	0	0	0	0	0	0	0	0	0	0	0	0	0	0	0	0	0	0	0	0	0	0	0	0	0	0	0	0	0	0
"Anaerovoracaceae"	0	0	0	0.227624	0	0.251951	0	0.077533	1.189084	0	0	0.067426	0.042193	0.03559	0	0.691089	0.101691	0	0.032611	0	0.266505	0.034337	0	0.205624	0	0	0	0.033133	0.067799	0	0	0	0.155572	0.108608	0	0	0	0	0.052239	0	0	0.081067	0.206619	0.213129	0	0	0	0.106083	0	0	0	0	0	0	0	0	0	0	0	0.039969	0.076844	0	0	0.110249	0	0.188673	0.94519	0	0	0.032714	0	0	0	0	0	0	0.178351	0.069524	0	0.298248	0	0	0.344436	0.897124	0.043316	0	0.571166	0.135267	0.348088	0	0.73894	0.162721	0	0	1.060108	0.149655	0.240192
"Peptostreptococcaceae"	0	0	0.063554	0.237208	0.400557	0.183479	0.148685	0.10072	0.075049	0	0	0.083291	0.318882	0.05668	0	0.150124	0.055365	0.032872	0.029237	0	0	0.037607	0	0	0.310379	0	0	0	0.034229	0.093244	0.092661	0.036001	0.247084	0.478323	0.636643	0.039963	0.497014	0	0.080664	0.033339	0	0.463432	0.806829	1.030971	0.88937	0.130031	0	0	0	0	0.027885	0.722749	0.152231	0	0.093752	0	0	0.467619	0	0	0.260979	0.41876	0.122907	0.037604	0.282225	0.048347	0.354973	0.933548	0.492253	0	0	0.646115	0	0.333838	0	0	0	0	0.95973	0.079313	0.031942	0	0.221697	0	0	0.080975	0	0.061172	0.112893	0.643685	0.116037	0.084898	0	0.038611	0.180908	0	0.147445
"CAG-508"	0	0	0.825613	1.659259	0.868435	0	0	1.055751	0.039961	0	0	0	0	0	0	0	4.976102	0	0	0	1.424908	0.869864	0	1.551399	0	0	0	0	2.927218	0	0	0.046001	0.16879	3.334871	0	0	0	0	0	1.983249	0.387283	0	0	0	0.039289	0	0.075294	0	0	0	0	0	0.700567	0	0	0	0	0	0	0	0	0	2.865145	0	1.068473	0	1.490283	2.570653	1.535303	1.215523	0	0.544352	0	0	0	2.039264	2.336012	0	0	0	0	0	0	0	1.804824	0	1.53313	0	0.892171	0.35003	5.693882	0	0	0	2.167379	0	0
"UBA1255"	0	0	0	0	0	0	0	0	0	0	0	0	0	0	0	0	0	0	0	0	0.300658	0	0	0	0	0	0	0	0	0	0	0	0	0	0	0	0	0	0	0	0	0	0	0	0	0	0	0	0	0	0	0	0	0	0	0	0	0	0	0	0	0	0	0	0	0	0	0	0	0	0	0	0	0	0	0	0	0	0	0	0	0	0	0	0	0	0	0	0	0	0	0	0	0	0	0	0
"Borkfalkiaceae"	0	0	0.188328	0.07847	0.729082	0.214059	0	0.049273	0	0	0	0	0	0	0	0.058669	0.938386	0	0	0	0.067746	0	0	0.26873	0	0	0	0	0.056609	0	0	0	0.062025	0.034963	0.142108	0	0	0	0	0	0	0	0	0.684213	0	0	0	0	0	0	0	0	0	0	0	0	0	0	0	0	0	0	0	0	0	0	1.141929	0	0	0.048708	0	0	0	0	0	0.306077	0.173038	0	0.123806	0	0	0	0	2.139502	0	0	0.605403	0.03274	0	0	0.163952	0	0	0	1.527513	0	0
"CAG-138"	0	0	0.482774	0.96261	0.549336	0	0	0	0	0	0	0	0	0	0	0	0.521451	0	0	0	0.864463	0	0	1.2224	0	0	0	0	0	0	0	0	0	0	0	0	0	0	0	0	0	0	0.518917	0	0	0	0	0	0	0	0	0	0	0	0	0	0	0	0	0	0	0	0	0	0	0.150938	0.972866	0	0	0.042165	0	0	0	0	0	0	0.605633	0	0	0	0	0	0	0	0	0	0	0	0	0	0.131046	0	0	0	1.290291	0	0
"CAG-314"	0	0	0	0.746367	0	0	0	0	0	0	0	0	0	0	0	0	0.687547	0	0	0	0.941727	0	0	0	0	0	0	0	0	0	0	0	0	0	0	0	0	0	0	0	0	0	0.10568	0	0	0	0	0	0	0	0	0	0	0	0	0	0	0	0	0	0	0	0	0	0	0	0.869382	0	0	0	0	0	0	0	0	0	0	0	0	0	0	0	0	0	0	0	0	0	0	0	0	0	0	0	0.382934	0	0
"CAG-552"	0	0	0	0	0	0	0	0	0	0	0	0	0	0	0	0	0	0	0	0	0	0	0	0.270148	0	0	0	0	0	0	0	0	0	0	0	0	0	0	0	0	0	0	0	0	0	0	0	0	0	0	0	0	0	0	0	0	0	0	0	0	0	0	0	0	0	0	0.596234	0	0	0	0	0	0	0	0	0	0	0	0	0	0	0	0	0	0	0	0	0	0	0	0	0	0	0	0.085175	0	0
"CAG-74"	0	0	0.620959	0	0.055876	0	0	0.803588	0	0	0	0	0	0	0	0	0.663819	0	0	0	0	1.154368	0	0.23824	0	0	0	0	0.70169	0	0	0	0	0	0	0	0	0	0	0	0.923521	0	0	0	0	0	0	0	0	0	0	0	0	0	0	0	0	0	0	0	0	0	0	0	0	0	0.589616	0	0	0.80841	0	0	0	0	0	0.296689	0	0	0	0	0	0	0	0.748388	0	0	0	0	0	1.118244	0	0	0	0	0.39842	0	0
"CAG-917"	0	0	0.072299	0	0	0	0	0	0	0	0	0	0	0	0	0	0	0	0	0	0	0	0	0	0	0	0	0	0	0	0	0	0	0	0	0	0	0	0	0	0	0	0	0	0	0	0	0	0	0	0	0	0	0	0	0	0	0	0	0	0	0	0	0	0	0	1.116058	0	0	0	0	0	0	0	0	0	0	0	0	0	0	0	0	0	0	0	0	0	0	0	0	0	0	0	0.154863	0	0
"Christensenellaceae"	0	0	0	0	0	0	0	0.124632	0.408382	0	0	0	0	0	0	0.148399	0.045196	0	0	0	0.102459	0	0	0	0	0	0	0	0	0	0	0	0	0	0	0	0	0	0	0	0	0	2.276191	0	0	0	0	0.087472	0	0	0	0	0	0	0	0	0	0	0	0	0	0	0	0.129051	0	0	0.928344	0	0	0	0.040497	0	0	0.390312	0	0	0	0	0	0	0	0	0	0.687144	0	0	0	0.068926	0.056447	0	0.038679	0	0	0	0.063353	0	0
"GCA-900066905"	0	0	0	0	0	0	0	0	0.077973	0	0	0	0	0	0	0	0.099432	0	0	0	0.678581	0	0.045078	0	0	0	0	0	0	0	0	0	0	0	0	0	0	0	0	0	0	0	0.577855	0	0	0	0	0.038153	0	0	0	0	0	0	0	0	0	0	0	0	0.037697	0	0	0.157254	0	0	0	0	0	0	0	0	0	0	0	0	0	0	0	0	0	0	0	0	0	0	0	0	0	0	0.053689	0	0	0	0	0	0
"QALW01"	0	0	0	0	0	0	0	0	0	0	0	0	0	0	0	0	0.056495	0	0	0	0.09854	0	0	0	0	0	0	0	0	0	0	0	0	0	0	0	0	0	0	0	0	0	0	0	0	0	0	0	0	0	0	0	0	0	0	0	0	0	0	0	0	0	0	0	0	0	0	0	0	0	0	0	0	0	0	0	0	0	0	0	0	0	0	0	0	0	0	0	0	0	0	0	0	0	0	0.103333	0
"QAND01"	0	0	0	0.073079	0	0	0	0	0.065302	0	0	0	0	0	0	0	0.050281	0	0	0	0.179163	0	0	0	0	0	0	0	0	0	0	0	0	0	0	0	0	0	0	0	0	0	0.134133	0	0	0	0	0	0	0	0	0	0	0	0	0	0	0	0	0	0	0	0	0	0.03199	0	0.052343	0	0	0	0	0	0	0.046466	0	0	0	0	0	0	0	0	0	0	0	0	0	0	0.067422	0	0.077358	0	0	0	0	0.041868	0
"Desulfitobacteriaceae"	0	0	0	0	0	0	0	0	0	0	0	0	0	0	0	0	0	0	0	0	0	0	0	0	0	0	0	0	0	0	0	0	0	0	0	0	0	0	0	0	0	0	0	0	0	0	0	0	0	0	0	0	0	0	0	0	0	0	0	0	0	0	0	0	0	0	0	0	0	0	0.035025	0	0	0	0	0	0	0	0	0	0	0	0	0	0	0	0	0	0	0	0	0	0	0	0	0	0
"Peptococcaceae"	0	0	0.071133	0	0	0	0	0.114488	0	0	0	0	0	0	0	0	0	0	0	0	0	0	0	0	0	0	0	0	0.142181	0	0	0	0	0	0	0	0	0	0	0	0	0	0	0	0	0	0	0	0	0	0	0	0	0	0	0	0	0	0	0	0	0	0	0	0	0	0	0	0	0	0	0	0	0	0	0	0	0	0	0	0	0	0	0	0	0	0.047597	0	0	0	0.129315	0	0	0	0	0	0
"Acidaminococcaceae"	2.672261	2.157116	0.043146	1.148902	0.992978	0.860888	1.03069	0.875324	1.952242	0.503555	2.398989	2.156048	2.0845	3.079194	3.131516	1.163031	0.373434	1.469222	1.039043	1.829898	0.19764	0.898478	1.909814	0.284329	1.714219	1.400312	1.702979	3.231402	0.3153	2.024103	2.266795	2.383071	0.575513	0.264826	0.948468	2.576561	3.439016	1.224247	1.640931	0.953	0.996853	1.117371	1.567591	2.883168	2.303791	0	1.773968	0.72397	1.511727	1.381393	1.83044	1.218081	1.149686	3.435235	3.204103	0.921712	2.569194	2.330476	1.323454	0.511436	2.245147	3.342481	2.543773	2.12806	0.780561	1.982241	0.677456	0.685734	1.367096	1.672071	2.507552	0.151837	0.775829	1.377531	0.859396	1.010243	0.395407	2.23494	1.117048	1.045109	1.086017	1.484757	2.107274	0.787423	0.806013	2.123333	0.658845	1.353529	1.101494	0.745496	0.111418	2.615319	0.410451	2.4475	0	2.188708	1.145471
"Selenomonadaceae"	2.026514	1.200742	0.906658	0.516946	0	0	0	1.029665	0	0.343091	1.311757	1.123239	0	2.051039	1.361226	0.582379	0.960419	0	0	2.201338	0.298419	0	1.00299	0	1.42257	0	0	0	0	1.330929	0	0	0	0.981938	0	1.414479	0	1.374081	1.501882	1.070906	0.603459	1.361923	0	0.392429	0	0.034376	1.272557	1.336274	2.207668	1.123386	0	0	0.97019	1.703705	0	0	1.444006	1.714286	0.85968	0	0	0	0	0	0	0.428051	0	0.381906	0	1.591375	0.430148	0	1.945627	0.95362	1.145305	0.390577	0	0	0	1.237607	0	0	1.255773	0.333813	0.713436	1.267702	0	0	1.032504	0	0.600966	1.627205	1.808932	3.084579	0.542725	1.354915	1.092359
"Dialisteraceae"	0	0.050104	0.153345	0.569659	0.777553	0	0.678465	0	0	1.043458	1.15196	0.049181	0.112785	0.357218	0.048651	0.524572	0.681333	0.603124	0	1.108468	0.505576	0.268153	0	0.672887	0.813407	1.553978	0	0	0.647714	0.121393	1.181988	0	0.266404	0	0	0.132509	0	1.138367	0.887301	0.228492	0.729498	0.226312	0.596145	0.052437	1.221545	1.708341	0.724812	0.1675	1.32355	0	0.094609	0.169264	0.899755	0.51225	0.092833	0	0	1.290476	1.45071	0.87197	0.894579	0	0.140033	0.775161	0.049763	0.169805	0	0.238479	0	0.710994	0.974126	0	0.963965	0.045036	0	0.595255	0	0.310314	0	0.042961	0	0	0.715721	0	0.862069	0.936606	0	0	0.733807	0	0.508022	0.212244	0.086023	0.401124	0.05913	0	0
"Megasphaeraceae"	1.172462	0.931762	0	0.633154	0.758703	0	0	0	0	1.814749	1.110493	0.938412	1.216296	3.319097	2.522886	1.083655	1.383569	0	0	1.020726	0.252508	0	1.274211	1.302523	0	1.282357	0	0	0.892581	1.975721	0	0	0	0	0	2.580767	1.249215	1.020511	1.925175	1.119694	1.399413	1.340305	0	2.069555	0	0	0.906014	0	2.684945	1.478674	0.45512	1.136045	0.052258	3.150652	0.965091	0	0.49594	2.37619	1.131158	0	0.738716	0	1.105156	0	0	1.227551	0	0	0.336414	0.803321	1.289348	0.371516	0	1.349651	1.252001	0.398088	0.607151	0.763915	0	1.227693	0	0	0.81468	0.220075	0.738067	0.560524	0	0.260195	0	0	0	0.920904	0	1.09612	0.780651	1.304139	0
"Veillonellaceae"	0	0	0	0	0	0	1.164939	0.165935	0	0.415788	0	0	0	0	0	0	0	0	0	0.170609	0	0	0	0	0	0	0	0.83806	0	0.163617	0	0.026001	0	0	0.094197	0	0	0	0	0.839974	0	0	0	0	1.764454	0.699478	0	0	0.104076	0	0	0	0	0	0	0	0	0	0	0.64684	0	0.079764	0	0	0	0.555405	0	0.093355	0	0	0	0	0	0.492537	0	0.299505	0	0	0	0	0	0	0	0	0	0	0	0	0	0.334884	0	0	0	0	0	0	0.044392
"Fusobacteriaceae"	1.016233	2.070093	0	0	0	0	0.819932	0	0	0.070037	0	0	0	0	0.453742	0	0	0	1.539448	0	0	0	0	0	0	0	0	0	1.053193	0	0	1.531046	0	0	0	0	0.288589	0.888036	0	0	0	0	0.333977	0	0	0.182343	0	0	0	0	0	0.955358	0	1.981964	0	1.480406	0	0	0	0	0	1.920027	0	0	0	2.72396	0	0	0	0	0	0	0	0	1.785476	0	0	0	0	0	1.141445	0.872982	0	0	0	0	0	0	0	0	0	0.035374	0	0	0	0	0.097504
"CAG-239"	0	0	2.24478	0.983575	0	0	0	0	0	0	0	0	0	0	1.40392	0	0	0	0	0	0	0	0	0	0	0	1.325033	0	0	0	0	0	0	0	0	0	0	0	0	0	0	0	0	0	0	0	0	1.544718	0	0	0	0	0	0	0	0	0	0	0	0	0	0	0	0	0	0	0.568558	0	0	1.20898	0	0	0	0	0	0	0	0	0	0	0	0	0	0	1.13895	0	0	0	0	0	0	1.068295	1.185882	0	0	0	0
"Rs-D84"	0	0	0	0	0	0	0	0	0	0	0	0	0	0	0	0	0	0	0	0	0	0	0	0	0	0	0	0	0	0	0	0	0	0	0	0	0	0	0	0	0	0	0	0	0	0	0	0	0	0	0	0	0	0	0	0	0	0	0	0	0	0	0	0	0	0	0	0	0	0	0	0	0	0	0	0	0	0	0	0	0	0	0	0	0	0	0	0	0	0	0	0	0	0	0.085175	0	0
"Burkholderiaceae"	0.773706	2.057787	1.09382	1.485546	1.219849	0.930025	1.05523	1.289074	1.146199	2.759801	1.427054	1.244606	0.766778	2.143309	2.532815	1.595286	0.634442	0	1.495592	0.15306	0.988757	0.622966	0.739283	0.794135	0.977515	3.164228	1.86305	1.002748	1.057142	1.637051	2.444206	0	1.289312	1.028803	1.000438	1.780456	2.320734	2.181719	1.168472	1.523825	1.970026	2.862335	0.750601	1.115547	1.85732	2.068543	1.813684	0	2.021593	1.331484	1.147262	1.212889	2.001727	3.898157	1.143403	1.020878	2.147831	2.550476	2.839206	1.843453	1.620246	0	2.222401	1.392213	0.661842	1.741684	0.586607	1.850972	2.69049	1.363828	2.295215	1.954497	1.285287	1.090158	1.085289	1.87402	0.966888	1.312476	2.305773	1.29957	2.866296	2.566247	2.128753	1.601093	1.243418	1.057168	1.290969	1.764498	0.942346	0.907049	1.254467	2.631827	2.069457	0	0.135153	1.777156	0.776859
"Aeromonadaceae"	0	0	0	0	0	0	0	0	0	0	0	0	0	0	2.114816	0	0	0	0	0	0	0	0	0	0	0	0	0	0	0	0	0	0	0	0	0	0	0	0	0	0	0	0	0	0	0	0	0	0	0	0	0	0	0	0	0	0	0	0	0	0	0	0	0	0	0	0	0	0	0	0	0	0	0	0	0	0	0	0	0	0	0	0	0	0	0	0	0	0	0	0	0	0	0	0	0	0
"Enterobacteriaceae"	0.229136	0.786723	0	1.405877	1.330255	3.946126	8.205098	0.481138	0	0.976968	2.439444	0.998699	0	0.047453	5.013999	0	0.253099	5.9998	1.591175	1.029501	0.68362	0.255073	4.46124	2.744019	5.606443	3.405549	0.359271	1.470502	3.77438	7.067206	1.320979	2.386072	0.655841	0	1.684992	0.128302	3.680842	2.67964	0.984866	4.248658	0	1.397727	2.822206	2.664118	10.670064	7.689778	0.861334	0.579734	2.057336	1.463448	0.031868	0	1.031537	0.787979	0	0	0.463313	2.517143	1.696737	1.881791	1.878326	2.593271	0.709234	2.042595	0	3.832412	0.61669	0.17992	0.038754	3.390668	0.900792	3.086006	2.715868	2.276107	3.039144	1.84022	0.134332	2.981898	0.878744	0	0.669836	0	1.298731	0.078742	2.381519	1.792237	2.475888	1.382822	0.451573	2.308851	1.177109	0	0.917984	0.774362	3.827933	0.22092	2.053128
"Pasteurellaceae"	0	0	0	0	0.047124	0	0.565869	0.181876	0	0.670225	0	0	0	0	0	0	0	0	0	0	0	0	0	0	0	0	0	0	0	0	0	0.807024	0	0	0	0	0	0	0	0.268336	0	0	0	0	0.753643	0	0	0	0.084102	0	0	0	0	0	0	0	0	0	0	0.717805	0	0	0	0	0	0.081365	0	0	0	0	0	0	0	0.462513	0	0.75111	0	0	0	0	0	0.430763	0	0	0	0.06388	0	0	0	0.093397	0.062925	0	0	0	0	0	0
"Succinivibrionaceae"	0	0	0	0	0	0	0	0	0	0	0	0	0	0	0	0	0	0	0	0	0	0	0	0	0	0	0	0	0	0	0.856546	0	0	0	0	0	0	0	0	0	0	0	0	0	0	0	0	0	0	0.173414	0	0	0	0	0	0	0	0	0	0	0	0	0	0	0	0	0	0	0	0	0	0	0	0	0	0.662855	0	0	0	0	0	0	0	0	0	0	0	0	0	0	0	0	0	0	0	0	0
"Pseudomonadaceae"	0	0	0	0	0	0	0	0	0	0	0	0	0	0	0	0	0	0	0	0	0	0	0	0	0	0	0	0	0	0	0	0	0	0	0	0	0	0	0	0	0	0	0	0	0	0	0	0	0	0	0	0	0	0	0	0	0	0	0	0	0	0	0	0	0	0	0	0	0	0	0	0	0	0	0	0	0	0	0	0	0	0	0	0	0	0	0	0	0	0	0	0	0	0	0	0	0.054697
"Dethiosulfovibrionaceae"	0	0	0	0	0	0	0	0	0	0	0	0	0	0	0	0	0	0	0	0	0	0	0	0	0	0	0	0	0	0	0	0	0	0	0	0	0	0	0	0	0	0	0	0	0	0	0	0	0	0	0	0	0	0	0	0	0	0	0	0	0.471937	0	0	0	0	0	0	0	0	0	0	0	0	0	0	0	0	0	0	0	0	0	0	0	0.028877	0	0	0	0	0	0	0	0	0	0	0	0
"Synergistaceae"	0	0	0	0.080267	0	0	0	0	0	0	0	0	0	0	0	0	0	0	0.211407	0	0.590119	0	0.078887	0	0	0	0	0	0	0	0	0	0	0	0	0	0	0	0	0	0	0	2.528198	0	0	0	0	0	0	0	0	0	0	0	0	0	0	0	0	0	0	0	0	0.090592	0	0	0.094459	0	0	0	0	0	0	0	0	0	0.05009	0	0	0	0	0	0.042192	0	0	0	0	0	0	0	0	0	0	0	0	0.35365	0.130798
"UBA1829"	0	0	2.00281	0.092847	0.041739	0	0	0	0	0	0	0	0	0	0	0	2.227043	0	0	0	0	0	0	0.101394	0	0	0	0	0	0	0	0	0	0	0	0	0	0	0	0	0	0	0	0	0	0	0	0	0	0	0	0	0	0	0	0	0	0	0	0	0	0	0	0	0	0	1.110041	0	0	0	0	0	0	0	0	0	0.054644	0	0	0	0	0	0	2.210841	0	0	0	0	0	0	0.269598	0	0	0	0.073912	0	0
"Victivallaceae"	0	0	1.245416	0.186891	0	0	0	0	0	0	0	0	0	0	0	0.180322	0.091522	0	0	0	1.623108	0.179042	0	0.111321	0	0	0.065807	0	0	0	0	0	0	0	0	0	0	0	0	0	0	0	0.447109	0	0	0	0	0	0	0	0	0	0	0	0	0	0.044746	0	0	0	0	0	0	0.116231	0.559473	0	1.296553	0	0	0	0	0	0	0	0	0	0.288397	0.165331	0	0	0	0	0.103561	0.395057	0	0	0	0	0.293209	0	0	0	0	0	0	1.00661	0
"CAG-312"	0	0.056257	0.362663	0	0.381034	0	0	0	0	0	0	0	0	0	0	0	0	0	0	0	1.588395	0	0	0.114866	0	0	0	0	0	0	0	0	0	0	0	0	0	0	0	0	0	0	0	0	0	0	0	0	0	0	0	0	0	0	0	0	0	0	0	0	0	0	0	0	0	0	1.233379	0	0	0	0	0	0	0	0	0	0	0	0	0	0	0	0	0	0	0	0	0	0	0	0	0	0	0	0.225959	0	0
"Akkermansiaceae"	0	0	0.545161	0.6661	0	0	0	0	1.637427	0	0.05158	0	0	0	0	0	0	0	0	0.030222	0	0	1.278719	0.665797	0	0.045451	0.739884	0	0	0	0	0	0	0	1.098696	1.138945	0	0	0	0	0.807413	0	0.042001	0	0	0	0	0	0	0	0.524832	0	0	0	1.241751	0	1.364768	0	0	0.079937	0.036247	0	0	0	0.076066	0	0	0	0	0	0	0	0.0475	0	0	0	0	0	0	0	1.489046	0	1.176759	0.977885	0	0	0	0	0.056447	0	0	0	0	0	1.1305	1.191897	0
"Chlamydiaceae"	0	0	0	0	0	0	0	0	0	0	0	0	0	0	0	0	0	0	0	0	0	0	0	0	0	0	0	0	0	0	0	0	0	0	0	0	0	0	0	0	0	0	0	0	0	0	0	0	0	0	0	0	0	0	0	0	0	0	0	0	0	0	0	0	0	0	0	0	0	0	0	0	0	0	0	0	0	0	0	0	0	0	0	0	0	0	0	0	0	0	0	0	0	0	0.053498	0	0
