#Datasets	 AA_0001	 AA_0003	 AA_0004	 AA_0006	 AA_0008	 AA_0009	 AA_0010	 AA_0012	 AA_0013	 AA_0014	 AA_0015	 AA_0016	 AA_0017	 AA_0018	 AA_0019	 AA_0021	 AA_0023	 AA_0025	 AA_0026	 AA_0027	 AA_0030	 AA_0032	 AA_0033	 AA_0034	 AA_0035	 AA_0036	 AA_0037	 AA_0038	 AA_0039	 AA_0040	 AA_0041	 AA_0042	 AA_0043	 AA_0044	 AA_0045	 AA_0046	 AA_0047	 AA_0048	 AA_0049	 AA_0050	 AA_0052	 AA_0053	 AA_0054	 AA_0055	 AA_0057	 AA_0058	 AA_0060	 AA_0061	 AA_0062	 AA_0065	 AA_0071	 AA_0080	 AA_0092	 AA_0093	 AA_0096	 AA_0097	 AA_0098	 AA_0099	 AA_0100	 AA_0102	 AA_0103	 AA_0104	 AA_0105	 AA_0106	 AA_0109	 AA_0111	 AA_0112	 AA_0113	 AA_0115	 AA_0116	 AA_0117	 AA_0118	 AA_0119	 AA_0120	 AA_0121	 AA_0123	 AA_0125	 AA_0126	 AA_0127	 AA_0128	 AA_0129	 AA_0130	 AA_0131	 AA_0132	 AA_0133	 AA_0134	 AA_0135	 AA_0136	 AA_0137	 AA_0138	 AA_0139	 AA_0141	 AA_0142	 AA_0143	 AA_0151	 AA_0152	 AA_0153
"Actinomycetales"	1.888191	1.812324	1.903396	3.278346	3.04093	0.620604	3.311497	2.349788	2.845118	5.330741	4.228718	2.573253	3.590412	5.200278	1.036762	2.496131	2.925059	0	0	1.672595	2.010994	2.370653	3.545275	1.239138	2.102538	4.257889	2.585428	3.852011	2.255319	3.767541	5.432784	0.02595	2.274179	1.743785	2.09981	1.268796	3.489287	4.181896	2.907311	3.714332	2.683125	2.293788	2.10101	0.427513	4.501164	3.613415	3.868174	0	3.414383	1.741197	1.186077	2.383395	2.54655	5.346122	3.454437	1.124221	3.655886	4.320161	3.645495	2.603125	2.540075	4.030088	3.010138	2.968839	2.103354	3.467902	0.304553	2.917357	3.073165	3.010399	3.476032	1.807127	2.960905	2.25551	0.686571	2.505804	2.473792	2.651794	3.766761	2.154282	1.83108	1.905905	3.310808	1.539265	0.841219	2.448042	1.854794	2.024869	3.237598	4.142176	1.300502	2.228989	0.03549	3.866895	1.894938	2.655786	0.071069
"Coriobacteriales"	0.757351	0.871141	0.738822	2.708796	2.655366	1.537932	1.470017	2.734076	2.242462	1.718881	3.931276	1.785926	2.037102	5.965682	2.334202	4.217541	1.903905	1.630675	2.014385	2.868972	3.054682	2.325032	2.584378	1.225715	1.162935	4.306421	0.993782	3.639574	1.825765	3.412113	3.348111	2.664883	2.866297	1.676317	2.784636	2.928717	3.183958	2.998788	2.499751	3.274968	1.48142	3.846102	2.529981	3.167978	0	3.353822	2.827916	2.022853	2.368565	1.231311	1.350976	2.787536	2.928457	4.698681	3.533239	3.90872	4.250339	2.786404	2.556361	2.126725	4.328901	2.424306	3.252033	3.725518	1.547751	3.217423	2.727817	2.87847	1.601961	2.278257	2.505317	2.127642	1.832101	1.556459	1.141237	3.100195	2.044487	1.29801	1.539346	1.674363	2.559201	2.565598	4.547678	3.096616	1.397796	2.569188	1.866438	1.766393	3.625798	1.297993	3.268797	1.890408	3.475579	1.731222	2.271262	2.197188	1.302926
"Bacteroidales"	43.523239	34.394753	32.21426	25.408525	24.780731	22.488111	23.716076	20.213381	26.443943	22.759047	19.016123	31.457464	30.714279	29.848101	22.530256	24.752365	20.1159	18.963724	36.798943	35.451046	22.659508	29.291819	29.946709	24.073473	26.474358	30.569876	37.871784	32.861897	20.506414	23.340675	17.404989	32.265053	21.416622	25.278212	34.39592	32.982403	22.698364	23.65123	23.672941	24.605221	26.166931	26.268116	26.488243	10.955958	9.740244	21.608879	27.363472	30.837151	26.596525	29.907125	36.655144	20.68165	27.3939	30.123053	27.860907	28.66012	21.966896	28.162247	24.849751	28.484789	23.50419	28.993141	26.747967	32.354218	27.090597	16.78681	26.83061	18.332602	21.443903	28.734575	31.331188	28.907591	17.849976	23.675013	33.730091	11.164258	28.668173	20.268728	28.141287	32.207214	30.144405	26.797005	24.233644	30.501968	26.482723	21.911232	30.699747	33.363102	23.484108	18.412558	15.048086	29.43182	23.668205	24.729296	10.511157	30.873287	33.460732
"Flavobacteriales"	0	0	0	0	0.258161	0	0	0	0.296468	0	0	0	0	0	0	0	0.043322	0	0	0	0.448808	0	0	0	0	0	0	0	0	0	0	0	0	0	0	0	0	0	0	0	0	0	0.741255	0	0	0	0	0	0	0	0	0	0	0	0	0	0	0	0	0	0	0	0	0.397491	0	0	0	0	0	0	0	0	0	0	0	0	0	0	0	0	0	0	0	0.066983	0	0	0	0	0	0	0	0	0	0	0	0	0
"Gastranaerophilales"	0.082997	0.056909	0.030203	0	0	0.047688	0	0	0.045685	0	0.031257	0	0.04126	0	0	0	1.876899	0	0.039212	0	0	0.044806	0	0.122925	0	0	0.034543	0.041712	0	0	0	0	0	0.03707	0	0.042992	0	0	0	0.0381	0	0	0	0.037102	0	0.046249	0	0.038027	0	0	0.042715	0	0	0.044172	0.054978	0	0	0.036088	0	0.034958	0	0.040737	0.033123	0	0.041812	0.04351	0.309938	0.035505	0	0.033312	0	0.055567	0.057602	0	0	0.8387	0.047617	0	0	0	0	0.053736	0.042809	0	0.043205	0	0.034933	0	0.034368	0	0	0.043498	0.033042	0.064199	2.630067	0.03282	0.031586
"Desulfovibrionales"	1.167892	1.529531	0.464668	1.073499	0.283641	1.05443	0.083507	0.329389	1.620366	0.455128	2.570101	3.146933	1.198152	1.139571	1.383672	1.953568	0.613818	0	0	0.945633	2.13588	0.539303	1.135538	0.693041	1.043706	1.322232	0.805123	2.234962	1.066997	1.183884	0.115063	1.298507	1.025054	0.877082	0.606306	1.333809	1.967974	1.344441	1.033455	0.753891	0.74489	0.936776	3.423669	1.26736	0	0.164111	0.090744	1.867035	1.07519	0.954877	1.59435	1.691174	3.083936	0.027766	1.096807	1.484536	1.375601	1.596437	0.846477	0.941418	1.19231	1.1861	1.32691	2.090444	1.384046	1.652222	0.570813	0	0.101973	0.557615	1.741833	0.169116	0.7098	0.241101	0.959205	0.73199	0.75733	0.948156	0.536916	0.380313	0.151809	0.064026	1.430275	1.295448	1.274959	1.178255	1.373213	1.349912	0.917775	0	0.898445	1.410752	0.46749	0.398031	0.257891	1.511509	1.902273
"Acholeplasmatales"	0	0	0	0	0	0	0	0	0	0	0	0	0	0	0	0	0	0	0	0	0	0	0	0	0	0	0	0	0	0	0	0	0	0	0	0	0	0	0	0	0	0	0	0	0	0	0	0	0	0	0	0	0	0	0	0	0	0	0	0	0	0	0	0	0	0	0	0	0	0	0	0	0	0	0	0	0	0	0	0	0	0	0	0	0	0	0	0	0	0	0	0	0	0	0.117733	0	0
"Erysipelotrichales"	1.076002	1.807946	1.653056	0.714473	0.628973	3.234823	0.079188	1.46636	1.539688	2.014935	1.852207	5.937789	2.737709	0.245507	0.634348	1.379192	0.995274	3.027582	4.453382	0.235194	1.375973	0.905084	1.412114	0.252208	1.623839	2.306896	1.06464	0.763418	2.178589	1.128595	4.121967	2.035093	1.419461	3.060521	2.349941	1.022377	2.635965	1.849404	1.254855	0.907101	0.837622	3.52217	2.996047	7.356252	3.100195	7.098526	1.38921	0.920996	0.300004	1.084666	0.886081	4.004104	0.143404	2.100082	1.375361	3.351467	1.874385	0.526131	0.538924	1.494236	3.34483	1.648414	0.383419	1.612944	1.725629	1.172431	1.284629	2.303622	2.237646	1.132611	1.643671	1.147574	2.111747	1.50724	1.570137	1.312341	0.942505	1.497444	1.633005	1.106364	0.390768	2.517578	1.581635	1.178228	0.824276	3.657705	2.094337	0.221551	1.61216	1.710534	1.851532	2.623999	1.805098	0.081318	0.853563	0.362798	1.095248
"Haloplasmatales"	0	0	0	0	0	0	1.852998	0	0	0	0	0	0	0	0	0	0	0	0	0	0	0	0	0	0	0	0	0	0	0	0	0	0	0	0.925244	0	0	0	0	0	0	0	0	0	0.598888	0	0	0	0	0	0	0	0	0	0	0	0	0	0	0	0	0	0	0	0	0	0	0.259527	0	0	0	0.066036	0	0.537128	0	0	0	0	0.636139	0	0	0	0	0	0	0.139093	0	0	0	1.582244	0	0	0	0	0	0	0
"Lactobacillales"	0.0993	0.474531	0.040078	2.158329	0.975646	2.587063	0.911381	2.992675	0.15358	6.096063	0.25207	5.957572	0.518579	1.465163	2.07749	0.538263	1.497693	0.229492	0.073943	1.067118	0.271515	0.070875	0.613865	0.73331	0.122789	2.617502	0.121344	3.384454	0.687941	9.004187	2.352026	2.165842	0.183516	0.547898	4.071721	1.504729	0.154665	0.609784	1.463998	4.595493	1.269354	0.540784	0.684599	0.537131	6.908598	2.140896	0.335753	0	7.166534	0.095235	0.51953	1.173045	1.735941	2.491323	0	0.551954	0.189482	0.961091	1.128636	0.93654	0.731727	0.243473	1.645087	1.08778	0.138192	10.707104	0.080775	0.298414	1.279595	0.635826	0.833288	1.150795	0.712587	3.829089	0.614257	5.025648	0.10657	1.207589	0.123333	0.840474	1.296937	0.59681	0.727751	0.454144	0.052523	1.645788	0.759384	2.332291	2.657252	0.249872	1.664596	2.86853	0.708578	0.370212	0.8865	0.031933	0.101865
"ML615J-28"	0	0	0	0.358429	0	0	0	0	0	0	0	0	0	0	0	0	0.090582	0	0	0	0	0	0	0	0	0	0	0	0	0	0	0	0	0	0	0	0	0	0	0	0	0	0	0	0	0	0	0	0	0	0	0	0	0	0	0	0	0	0	0	0	0	0	0	0	0	0.168731	0	0	0	0	0	0	0	0	0	1.001459	0	0	0	0	0	0	0	0	0	0	0	0	0	0.085703	0	0	0	0.206733	0	0
"Paenibacillales"	0	0	0	0	0	0	0	0	0	0	0	0	0	0	0	0	0	0	0	0	0.036239	0	0	0	0	0	0	0	0	0	0	0	0	0	0	0	0	0	0	0	0	0	0	0	0	0	0	0	0	0	0	0	0	0	0	0	0	0	0	0	0	0	0	0	0	0	0.048465	0	0	0	0	0	0	0	0	0	0	0	0	0	0	0	0	0	0	0	0	0	0	0	0	0	0	0	0	0	0
"RF39"	0	0	0.131269	1.010878	0.033527	0.578877	0	1.074849	0	0	0	0	0	0	0	0	0.928885	0	0	0	0.073036	1.198361	0	1.201696	0	0	0	0	0	0	0	0	0	0.048191	0	0	0	0	0	0.316148	0.389927	0	0.368267	0	0	0	0	0	0	0	0	0.029015	0.040757	0	0	0	0	0	0	0	0	0	0.050186	0	0	0	1.042901	0.075238	0	0.035485	0	0	0	0	0	1.311405	0.402095	0	0	0	0	0	0	0.853361	0.294808	0	0	0	0.995884	0	1.971747	0	0.031819	0	6.434659	0	0
"RFN20"	0	0	0	0	0	0	0	0	0	0	0	0	0	0	0	0	0	0	0	0	0	0	0	0	0	0	0	0	0.057711	0	0	0	0	1.528778	0	0	0	0	0	0	0	0	0	0	0	0	0	0	0	0.03624	0	0	0	0	0	0	0	0	0	0	0	0	0	0	0	0	0.986059	0	0	0	0	0	0	0	0	0.393141	0	0	0	0	0	0	0	0	0	0	0	0	0	0	0	0	0	0	1.467455	0	0
"Staphylococcales"	0	0	0	0	0	0	0	0	0	0.047722	0	0	0	0	0	0	0	0	0	0	0	0	0	0	0	0	0	0	0	0	0	0	0	0	0	0	0	0	0	0	0	0	0	0	0	0	0	0	0	0	0	0	0	0	0	0	0	0	0	0	0	0	0	0	0	0	0	0	0	0	0	0	0	0	0	0	0	0	0	0	0	0	0	0	0	0	0	0	0	0	0	0	0	0	0	0	0
"Acetivibrionales"	0	0	0	0	0	0	0	0	0	0	0	0	0	0	0	0	0	0	0	0	0	0	0	0	0	0	0	0	0	0	0	0	0	0	0	0	0	0	0	0	0	0	0	0	0	0	0	0	0	0	0	0	0	0	0	0	0	0	0	0	0	0	0	0	0	0	0.038294	0	0	0	0	0	0	0	0	0	0	0	0	0	0	0	0	0	0	0	0	0	0	0	0	0	0	0	0	0	0
"Clostridiales"	0	0	0.052856	0	1.489285	0.102661	7.16867	0.174807	0	0	0	0	0	0	0	0.068788	0.039946	0	0	0	0.050735	0	0	0	0	0	0	0	0.184282	0.193072	0	2.554096	0	0	1.68859	0	0	0.237898	0.048264	0	0	0	0.03305	0.22008	5.622891	0	0	0	0	0	0	0.060103	0	0	0	0	0	0	0.742078	0	0.173532	0.161052	0.046171	0	0.067324	0	0.095734	2.297704	0.287827	0	0	0.071673	0	2.72202	0	0	0	0	0.123333	0	0	0	0	0	0	0	0.032438	0	0	2.601018	0.042564	0	0	0	0.055362	0	0.041852
"Eubacteriales"	0	0	0	0	0	0	0	0	0.233286	0	0	0.307809	0	0	0.15264	0	0	0	2.454682	0	0	0	0.710554	0	0	0.031276	0	2.227202	0	1.031181	0	0	0	0	0	0	0	0	0	0	0.036484	0	1.848754	0.103716	0	0	0	0	0	0	0	0.10259	0	0	0	0	0.952054	0	0	0	0	0	0.916391	0.032344	0	0	0.095734	0	0	0	2.702732	0	0	0	0	0	0	0	0	0	0	0	0	0.044209	0	2.098963	0.080679	1.239996	0	0	0.170256	0.579584	0	0	0	0	0
"Lachnospirales"	27.230555	34.167995	36.69075	30.619171	39.819756	41.102913	38.671082	41.675697	35.284512	34.185852	40.978432	30.353624	39.315735	27.974636	42.129623	39.11264	27.292112	56.249733	34.057453	36.603691	27.876831	43.110035	31.131716	38.799717	44.949638	31.343155	38.853165	30.984877	43.921986	29.793676	49.588818	42.771877	48.955177	41.057541	29.857935	39.317997	44.218079	39.534779	41.046326	36.382946	40.553955	39.783688	30.295019	45.393066	45.955132	46.535774	42.921135	41.658165	35.907146	41.401047	43.381214	50.032642	40.433079	38.525906	37.414211	40.694492	41.341419	36.700951	42.151745	39.372063	39.649178	43.893288	36.520126	38.11911	43.480881	30.397356	27.120804	51.223244	44.399307	33.763977	36.818455	38.834709	51.661156	42.655682	43.140938	44.950016	37.483276	47.298771	39.426731	38.048553	39.6231	50.878635	32.257252	27.742947	43.656124	46.157436	38.05072	31.451586	36.850819	50.675411	41.312927	31.249338	44.713814	47.949924	32.130543	34.614803	35.944977
"Monoglobales"	0	0	0	0	0	0	0	0	0	0	0	0	0	0	0	0	0.03657	0	0	0	0	0	0	0	0	0	0	0	0	0	0	0	0	0	0	0	0	0	0	0	0	0	0	0	0	0	0	0	0	0	0	0	0	0	0	0	0.276792	0	0	0	0.522042	0	0	0	0	0	0	0	0.23684	0	0.802749	0	0	0	0	0	0	0	0	0	0.042169	0	0	0	0	0.622779	0	0	0	0	0	0	0	0	0	0	0
"Monoglobales_A"	0	0.049905	0.498937	0.351869	0.594775	0.540462	0.19725	0.918101	0.768872	0.693739	0.687646	0	0.643976	0	0.155613	0.701634	0.831552	1.224432	0	0.593815	0.546933	0.530342	0.378512	0.669728	0.15927	0.410906	0.519034	0.673205	0.542352	0.460741	0.680226	0	0	0.607952	0.497835	0	0	0.657181	0.921606	0.445039	0.785175	0.671435	0	0.507618	0.673749	0.799666	0.450421	0.586173	0.850711	0.775364	0.505622	0.758541	1.083076	0	0.619416	0.745359	0.63625	0.909808	0.643323	0.066663	0.114242	0.572208	1.101074	0.592406	0.474105	0	0.368575	0.798871	0.675159	0.686519	0	0.681297	0.7386	0.441544	0.405626	0	0.606922	0.578865	0.500751	0.540834	0.709379	0	0.776675	0.371755	0.565048	0	0.379276	0.447395	0.567849	0.894676	0.36697	0.641892	1.085507	0	0.063071	0.691888	0.319809
"Oscillospirales"	16.264524	15.465163	14.594635	20.49369	17.243113	19.634129	8.887769	19.694016	21.897781	18.019531	16.50551	11.823354	14.620531	17.050243	8.987918	18.575237	25.984585	10.553774	14.152233	12.97063	27.738565	15.269937	17.738369	20.423878	11.508347	11.97774	11.044091	12.704556	15.054038	12.286414	8.761718	7.001557	18.401281	17.256948	15.085604	9.819013	10.179864	14.406941	16.869297	12.66537	17.128675	13.25629	14.754287	18.874638	3.394886	2.127469	13.279161	17.42659	10.26413	15.78455	9.756824	10.869317	13.627135	1.196441	17.819214	16.062313	14.864112	10.76479	13.574674	17.298344	15.606314	8.437227	15.230352	10.004511	18.361113	19.412725	22.677557	11.605181	18.135542	16.22154	9.639526	18.194483	13.596752	11.729795	8.557203	18.12472	19.562836	16.355263	18.147593	17.757801	15.921209	9.252844	20.824987	21.689709	14.772583	9.686277	15.497093	20.721842	19.859873	11.925105	20.806299	17.64616	17.421953	12.957415	25.954477	17.233335	19.851072
"Peptostreptococcales"	0	0.035896	0.085964	0.472936	0.427138	0.442437	0.152617	0.182753	1.263633	0.040652	0.037306	0.151926	0.360012	0.09584	0	0.839209	0.164285	0.045613	0.06386	0.034016	0.309427	0.073319	0	0.222536	0.31765	0.030198	0.033658	0.048502	0.104273	0.105312	0.101526	0.04691	0.404546	0.589417	0.648399	0.047187	0.509327	0.035548	0.136364	0.056744	0.043325	0.546172	1.013746	1.257241	0.905461	0.134272	0.026398	0.126138	0.04091	0	0.037748	0.73678	0.166047	0	0.107207	0	0.034367	0.484344	0	0.057721	0.34128	0.424419	0.142527	0.151506	0.303314	0.236368	1.304972	0.940892	0.509042	0.059382	0.0469	0.670827	0	0.344532	0.028261	0.041186	0.210117	0.100562	0.969046	0.384429	0.049666	0	0.569511	0.923693	0.073702	0.095122	0.608838	0.204376	0.463184	0.650674	0.858757	0.25276	0.048952	0.047079	1.248108	0.174746	0.390878
"TANB77"	0	0	0.822462	1.653188	0.87037	0	0	1.057513	0.039853	0	0	0	0	0	0	0	4.969056	0	0	0	1.435071	0.866795	0	1.548569	0	0	0	0	2.930144	0	0	0.045912	0.168307	3.325944	0	0	0	0	0	1.978761	0.385367	0	0	0	0.039213	0	0.07507	0	0	0	0	0	0.698905	0	0	0	0	0	0	0	0	0	2.874636	0	1.077189	0	1.483276	2.571603	1.534527	1.216615	0	0.543588	0	0	0	2.038715	2.33321	0	0	0	0	0	0	0	1.817982	0	1.534572	0	0.890437	0.353007	5.694368	0	0	0	2.168246	0	0
"UBA1212"	0	0	0	0	0	0	0	0	0	0	0	0	0	0	0	0	0	0	0	0	0.299391	0	0	0	0	0	0	0	0	0	0	0	0	0	0	0	0	0	0	0	0	0	0	0	0	0	0	0	0	0	0	0	0	0	0	0	0	0	0	0	0	0	0	0	0	0	0	0	0	0	0	0	0	0	0	0	0	0	0	0	0	0	0	0	0	0	0	0	0	0	0	0	0	0	0	0	0
"Christensenellales"	0.032606	0.05078	1.380644	1.945419	1.359199	0.305334	0	1.001893	0.571551	0.051257	0.044364	0	0.051777	0.047263	0	0.229579	3.091594	0	0.034731	0.0311	2.954885	1.176365	0.068957	2.022607	0	0	0.0372	0.036861	0.804019	0	0	0	0.095307	0.093417	0.159469	0	0	0	0.047498	0.031615	1.011683	0.03906	3.644224	0.733601	0	0	0.032173	0.16973	0.032518	0.037925	0	0	0.029436	0	0.032987	0	0.04737	0	0.033859	0.033332	0.080982	0	0	0.32344	0.073702	0.185801	6.277748	0.032969	0.041118	0.904496	0.045809	0	0.031588	0.467936	0	0.64681	0.861632	0.038873	0.168772	0.065032	0.03561	0	0.074916	3.649224	0	0	0.654584	0.12108	0.178869	1.124425	0.508467	0.039971	0.034266	0	3.898498	0.226194	0.076596
"Desulfitobacteriales"	0	0	0	0	0	0	0	0	0	0	0	0	0	0	0	0	0	0	0	0	0	0	0	0	0	0	0	0	0	0	0	0	0	0	0	0	0	0	0	0	0	0	0	0	0	0	0	0	0	0	0	0	0	0	0	0	0	0	0	0	0	0	0	0	0	0	0	0	0	0	0.035993	0	0	0	0	0	0	0	0	0	0	0	0	0	0	0	0	0	0	0	0	0	0	0	0	0	0
"Peptococcales"	0	0	0.070862	0	0	0	0	0.114853	0	0	0	0	0	0	0	0	0	0	0	0	0	0	0	0	0	0	0	0	0.142966	0	0	0	0	0	0	0	0	0	0	0	0	0	0	0	0	0	0	0	0	0	0	0	0	0	0	0	0	0	0	0	0	0	0	0	0	0	0	0	0	0	0	0	0	0	0	0	0	0	0	0	0	0	0	0	0	0	0.062381	0	0	0	0.129993	0	0	0	0	0	0
"Acidaminococcales"	2.661845	2.148523	0.042982	1.143873	0.989057	0.857718	1.028004	0.872593	1.946966	0.501966	2.391635	2.150708	2.078361	3.066864	3.126146	1.159071	0.371892	1.465327	1.035201	1.824207	0.196806	0.895308	1.905304	0.283292	1.710147	1.39557	1.696161	3.216638	0.314131	2.01936	2.262908	2.378433	0.573868	0.26394	0.945481	2.56905	3.431954	1.221391	1.636368	0.950065	0.99192	1.113895	1.560751	2.874537	2.299301	0	1.768685	0.721586	1.508413	1.376271	1.825804	1.215531	1.145721	3.427778	3.194209	0.919335	2.559863	2.323903	1.320505	0.509731	2.239286	3.334723	2.534377	2.119383	0.778127	1.976787	0.673727	0.683055	1.363476	1.665605	2.498773	0.152205	0.773905	1.374563	0.856967	1.007189	0.393781	2.227574	1.11278	1.041332	1.083279	1.481736	2.099928	0.783699	0.803944	2.117808	0.657079	1.349054	1.097425	0.742908	0.111011	2.60754	0.408748	2.441686	0	2.179447	1.141048
"Selenomonadales"	2.018615	1.195959	0.903779	0.514683	0	0	0	1.026452	0	0.342892	1.307737	1.120457	0	2.042826	1.358892	0.580396	0.956453	0	0	2.194491	0.297161	0	1.000622	0	1.419191	0	0	0	0	1.32781	0	0	0	0.978655	0	1.410356	0	1.370874	1.497706	1.067607	0.600473	1.357685	0	0.391254	0	0.034314	1.268767	1.331874	2.202828	1.119221	0	0	0.966844	1.700006	0	0	1.438762	1.70945	0.857764	0	0	0	0	0	0	0.426873	0	0.380415	0	1.585221	0.429732	0	1.9408	0.951566	1.142069	0.389396	0	0	0	1.233958	0	0	1.251395	0.332235	0.711605	1.264403	0	0	1.028689	0	0.598771	1.622365	1.801427	3.077252	0.540309	1.349182	1.088931
"Veillonellales"	1.181231	0.980581	0.174831	1.199933	1.53287	0	1.84148	0.171196	0.030133	3.266316	2.257534	0.990687	1.327595	3.67341	2.574065	1.619089	2.064814	0.605801	0	2.292651	0.756562	0.271281	1.278698	1.970328	0.834609	2.831043	0	0.860422	1.548359	2.25719	1.207035	0.028944	0.271725	0	0.097138	2.708513	1.251983	2.158398	2.810017	2.185473	2.123697	1.570497	0.602987	2.122385	2.994439	2.413917	1.630094	0.170658	4.105652	1.492575	0.552311	1.308795	0.950994	3.661261	1.055573	0	0.525719	3.662972	2.581756	1.518625	1.631201	0.08621	1.257653	0.779661	0.053859	1.952091	0	0.332229	0.348681	1.53308	2.25773	0.386551	0.969007	1.884585	1.270074	1.289876	0.609189	1.074069	0	1.270178	0	0	1.527359	0.225062	1.601959	1.499515	0	0.266204	0.73422	0.337914	0.544128	1.133304	0.094232	1.495827	0.838145	1.308378	0.062383
"Fusobacteriales"	1.012272	2.062722	0	0	0	0	0.819236	0	0	0.070699	0	0	0	0	0.454946	0	0	0	1.533756	0	0	0	0	0	0	0	0	0	1.049946	0	0	1.528066	0	0	0	0	0.287996	0.88961	0	0	0	0	0.333194	0	0	0.183505	0	0	0	0	0	0.953358	0	1.977661	0	1.477471	0	0	0	0	0	1.916518	0	0	0	2.718817	0	0	0	0	0	0	0	0	1.782093	0	0	0	0	0	1.139505	0.872349	0	0	0	0	0	0	0	0	0	0.036444	0	0	0	0	0.098707
"RF32"	0	0	2.236214	0.979866	0	0	0	0	0	0	0	0	0	0	1.401513	0	0	0	0	0	0	0	0	0	0	0	1.319729	0	0	0	0	0	0	0	0	0	0	0	0	0	0	0	0	0	0	0	0	1.540559	0	0	0	0	0	0	0	0	0	0	0	0	0	0	0	0	0	0	0.565428	0	0	1.204304	0	0	0	0	0	0	0	0	0	0	0	0	0	0	1.136027	0	0	0	0	0	0	1.065118	1.182186	0	0	0	0
"Rs-D84"	0	0	0	0	0	0	0	0	0	0	0	0	0	0	0	0	0	0	0	0	0	0	0	0	0	0	0	0	0	0	0	0	0	0	0	0	0	0	0	0	0	0	0	0	0	0	0	0	0	0	0	0	0	0	0	0	0	0	0	0	0	0	0	0	0	0	0	0	0	0	0	0	0	0	0	0	0	0	0	0	0	0	0	0	0	0	0	0	0	0	0	0	0	0	0.084796	0	0
"Burkholderiales"	0.77069	2.050465	1.091389	1.481429	1.215702	0.92925	1.05392	1.287941	1.143102	2.759047	1.423689	1.242315	0.76452	2.137352	2.530454	1.593293	0.632947	0	1.490062	0.153556	0.98459	0.620769	0.737537	0.791946	0.975193	3.156748	1.857363	1.000107	1.053881	1.634971	2.441143	0	1.285626	1.028329	0.998907	1.776314	2.315969	2.176628	1.166755	1.524805	1.962558	2.854103	0.750024	1.113894	1.859642	2.066301	1.809932	0	2.021357	1.326546	1.147336	1.212423	1.996332	3.892219	1.143538	1.020012	2.14096	2.543282	2.835699	1.847877	1.616017	0	2.215196	1.389941	0.661196	1.739243	0.583378	1.846279	2.686656	1.358554	2.287179	1.951278	1.282099	1.088523	1.082222	1.876778	0.963668	1.308151	2.297891	1.294874	2.860945	2.564454	2.12439	1.595531	1.24192	1.054417	1.285879	1.758664	0.939646	0.9039	1.251035	2.627526	2.065767	0	0.149969	1.778507	0.777808
"Enterobacterales"	0.232689	0.788842	0.031365	1.406283	1.37328	3.935569	8.755309	0.661668	0	1.64553	2.432975	1.000182	0	0.047263	7.131459	0	0.254867	6.003849	1.587533	1.031158	0.682411	0.259061	4.457453	2.735429	5.595793	3.397252	0.359604	1.469604	3.770887	7.053279	2.181687	3.188877	0.659035	0	1.691828	0.132123	3.674618	2.67521	0.98749	4.506323	0	1.39944	2.813937	2.658673	11.406198	7.678881	0.862894	0.582463	2.145135	1.635849	0.034768	0	1.029488	0.787531	0	0	0.465345	2.511942	1.692955	2.594182	1.876315	2.608094	0.712637	2.038523	0	3.906535	0.634237	0.186826	0.043585	3.382626	0.903092	3.081941	2.723996	2.737713	3.033048	3.251835	0.137559	2.973761	0.876314	0	0.675644	0.449323	1.296497	0.082389	2.377947	1.853979	2.473613	1.381685	0.453811	2.395586	1.238381	0	0.917847	0.789643	3.823513	0.225307	2.047569
"Pseudomonadales"	0	0	0	0	0	0	0	0	0	0	0	0	0	0	0	0	0	0	0	0	0	0	0	0	0	0	0	0	0	0	0	0	0	0	0	0	0	0	0	0	0	0	0	0	0	0	0	0	0	0	0	0	0	0	0	0	0	0	0	0	0	0	0	0	0	0	0	0	0	0	0	0	0	0	0	0	0	0	0	0	0	0	0	0	0	0	0	0	0	0	0	0	0	0	0	0	0.059224
"Synergistales"	0	0	0	0.079916	0	0	0	0	0	0	0	0	0	0	0	0	0	0	0.210625	0	0.589304	0	0.078701	0	0	0	0	0	0	0	0	0	0	0	0	0	0	0	0	0	0	0	2.519863	0	0	0	0	0	0	0	0	0	0	0	0	0	0	0	0	0	0.471429	0	0	0.090223	0	0	0.095734	0	0	0	0	0	0	0	0	0	0.051396	0	0	0	0	0	0.042044	0	0.02965	0	0	0	0	0	0	0	0	0	0	0.35304	0.133451
"Victivallales"	0	0	3.241058	0.283284	0.048279	0	0	0	0	0	0	0	0	0	0	0.184007	2.317993	0	0	0	1.632435	0.180854	0	0.211939	0	0	0.066429	0	0	0	0	0	0	0	0	0	0	0	0	0	0	0	0.455275	0	0	0	0	0	0	0	0	0	0	0	0	0	0.044584	0	0	0	0	0	0	0.121716	0.561981	0	2.401125	0	0	0	0	0	0	0	0	0	0.342386	0.172392	0	0	0	0	0.107787	2.600273	0	0	0	0	0.313996	0	0.276666	0	0	0	0.100213	1.012995	0
"Opitutales"	0	0.056033	0.362441	0	0.3802	0	0	0	0	0	0	0	0	0	0	0	0	0	0	0	1.582257	0	0	0.115154	0	0	0	0	0	0	0	0	0	0	0	0	0	0	0	0	0	0	0	0	0	0	0	0	0	0	0	0	0	0	0	0	0	0	0	0	0	0	0	0	0	0	1.228385	0	0	0	0	0	0	0	0	0	0	0	0	0	0	0	0	0	0	0	0	0	0	0	0	0	0	0	0.231962	0	0
"Verrucomicrobiales"	0	0	0.543081	0.663184	0	0	0	0	1.633002	0	0.051422	0	0	0	0	0	0	0	0	0.030128	0	0	1.275699	0.66337	0	0.045297	0.736922	0	0	0	0	0	0	0	1.095236	1.135625	0	0	0	0	0.803417	0	0.041818	0	0	0	0	0	0	0	0.523503	0	0	0	1.237916	0	1.359811	0	0	0.079671	0.036153	0	0	0	0.075828	0	0	0	0	0	0	0	0.047382	0	0	0	0	0	0	0	1.485292	0	1.172657	0.97326	0	0	0	0	0.056238	0	0	0	0	0	1.127572	1.186854	0
"Chlamydiales"	0	0	0	0	0	0	0	0	0	0	0	0	0	0	0	0	0	0	0	0	0	0	0	0	0	0	0	0	0	0	0	0	0	0	0	0	0	0	0	0	0	0	0	0	0	0	0	0	0	0	0	0	0	0	0	0	0	0	0	0	0	0	0	0	0	0	0	0	0	0	0	0	0	0	0	0	0	0	0	0	0	0	0	0	0	0	0	0	0	0	0	0	0	0	0.05326	0	0
